0 2039.11
1 1.0844e+11
2 5.49965e+11
3 7.60827e+11
4 5.3494e+11
5 2.91695e+11
6 1.78477e+11
7 2.21163e+11
8 1.64454e+11
9 1.30507e+11
10 1.16458e+11
11 8.93175e+10
12 8.06338e+10
13 7.71184e+10
14 6.92815e+10
15 6.46712e+10
16 6.00018e+10
17 5.15496e+10
18 3.84698e+10
19 3.40117e+10
20 3.03613e+10
21 2.7653e+10
22 2.65348e+10
23 2.71279e+10
24 2.59289e+10
25 2.4547e+10
26 2.06452e+10
27 1.88513e+10
28 1.68083e+10
29 1.61173e+10
30 1.48521e+10
31 1.50354e+10
32 1.41748e+10
33 1.33044e+10
34 1.24757e+10
35 1.10297e+10
36 9.63502e+09
37 8.90697e+09
38 7.95913e+09
39 7.47588e+09
40 6.64185e+09
41 5.90331e+09
42 5.2082e+09
43 4.77633e+09
44 4.32495e+09
45 4.02781e+09
46 3.84343e+09
47 3.7325e+09
48 3.42023e+09
49 3.19763e+09
50 3.01024e+09
51 2.84919e+09
52 2.74073e+09
53 2.59145e+09
54 2.53133e+09
55 2.43598e+09
56 2.36446e+09
57 2.22277e+09
58 2.14113e+09
59 1.97081e+09
60 1.91272e+09
61 1.833e+09
62 1.70571e+09
63 1.67021e+09
64 1.51648e+09
65 1.53721e+09
66 1.42045e+09
67 1.40664e+09
68 1.31614e+09
69 1.2826e+09
70 1.25596e+09
71 1.19274e+09
72 1.1879e+09
73 1.21143e+09
74 1.21274e+09
75 1.23286e+09
76 1.2038e+09
77 1.25605e+09
78 1.22482e+09
79 1.23934e+09
80 1.2202e+09
81 1.24101e+09
82 1.22186e+09
83 1.22147e+09
84 1.12016e+09
85 1.05777e+09
86 1.11316e+09
87 1.12117e+09
88 1.10209e+09
89 1.11576e+09
90 1.11024e+09
91 1.1126e+09
92 1.14177e+09
93 1.13091e+09
94 1.11933e+09
95 1.09962e+09
