0 21.6338
1 5.53441e+11
2 5.7212e+11
3 2.62284e+11
4 1.06174e+11
5 8.24852e+10
6 4.84761e+10
7 7.44621e+10
8 5.85974e+10
9 3.2172e+10
10 1.83409e+10
11 1.41245e+10
12 1.14667e+10
13 1.31356e+10
14 1.06321e+10
15 8.03829e+09
16 6.38293e+09
17 6.15416e+09
18 4.60231e+09
19 3.96488e+09
20 3.54453e+09
21 3.10718e+09
22 2.83124e+09
23 2.4268e+09
24 2.06142e+09
25 1.93324e+09
26 1.72638e+09
27 1.5253e+09
28 1.32389e+09
29 1.25641e+09
30 1.10646e+09
31 1.08011e+09
32 9.63109e+08
33 8.99227e+08
34 8.49969e+08
35 8.35323e+08
36 7.90092e+08
37 7.78734e+08
38 7.64291e+08
39 7.10601e+08
40 6.87963e+08
41 6.98388e+08
42 6.5039e+08
43 6.44527e+08
44 6.32578e+08
45 5.88875e+08
46 5.89295e+08
47 5.72661e+08
48 5.58566e+08
49 5.52683e+08
50 5.70351e+08
51 5.38983e+08
52 5.87797e+08
53 5.42587e+08
54 5.66988e+08
55 5.4483e+08
56 5.36739e+08
57 5.25426e+08
58 5.42717e+08
59 5.24906e+08
60 5.3336e+08
61 5.305e+08
62 5.03761e+08
63 5.25853e+08
