0 1.24314
1 1.39328e+09
2 2.42313e+09
3 9.63058e+08
4 8.05471e+08
5 1.2416e+09
6 1.28549e+09
7 9.60733e+08
8 5.3293e+08
9 4.93967e+08
10 4.79179e+08
11 3.07706e+08
12 2.7854e+08
13 2.3315e+08
14 1.57035e+08
15 1.31311e+08
16 1.17577e+08
17 9.88922e+07
18 8.18837e+07
19 7.11372e+07
20 6.15867e+07
21 5.8056e+07
22 5.60672e+07
23 5.16076e+07
24 4.98102e+07
25 5.22392e+07
26 5.15454e+07
27 5.4838e+07
28 5.50329e+07
29 5.69993e+07
30 5.1734e+07
31 5.06844e+07
32 4.7338e+07
33 4.63827e+07
34 4.64956e+07
35 4.53326e+07
36 4.28648e+07
37 4.16419e+07
38 3.98058e+07
39 3.48627e+07
40 3.06577e+07
41 2.9473e+07
42 2.70421e+07
43 2.71568e+07
44 2.68372e+07
45 2.6122e+07
46 2.57289e+07
47 2.5929e+07
48 2.60704e+07
49 2.7499e+07
50 2.58163e+07
51 2.61251e+07
52 2.69079e+07
53 2.75455e+07
54 2.91648e+07
55 2.97084e+07
56 2.85849e+07
57 2.81076e+07
58 2.76784e+07
59 2.94588e+07
60 2.94731e+07
61 2.93777e+07
62 2.93708e+07
63 3.15632e+07
