0 11.7162
1 9.62597e+11
2 1.95552e+12
3 1.26893e+12
4 1.32295e+12
5 1.6383e+12
6 1.07043e+12
7 7.43993e+11
8 5.20947e+11
9 4.13337e+11
10 3.30818e+11
11 2.6417e+11
12 2.25203e+11
13 1.62629e+11
14 1.21249e+11
15 1.14495e+11
16 9.21478e+10
17 8.82528e+10
18 7.80375e+10
19 6.45863e+10
20 5.38711e+10
21 4.75404e+10
22 4.54135e+10
23 4.39166e+10
24 3.91609e+10
25 3.65616e+10
26 3.05341e+10
27 2.83177e+10
28 2.46831e+10
29 2.32363e+10
30 2.02082e+10
31 1.82226e+10
32 1.72053e+10
33 1.52832e+10
34 1.39822e+10
35 1.36163e+10
36 1.22088e+10
37 1.13839e+10
38 9.88823e+09
39 9.32167e+09
40 8.12365e+09
41 7.53509e+09
42 7.09007e+09
43 6.75458e+09
44 5.94587e+09
45 5.67239e+09
46 5.18145e+09
47 4.90641e+09
48 4.51814e+09
49 4.41038e+09
50 4.09406e+09
51 3.95256e+09
52 3.67577e+09
53 3.53701e+09
54 3.21584e+09
55 3.18372e+09
56 3.0332e+09
57 2.91904e+09
58 2.81432e+09
59 2.69996e+09
60 2.61773e+09
61 2.49488e+09
62 2.41119e+09
63 2.3273e+09
64 2.28916e+09
65 2.15909e+09
66 2.12383e+09
67 2.00707e+09
68 2.02295e+09
69 1.90021e+09
70 1.98362e+09
71 1.77083e+09
72 1.94177e+09
73 1.75477e+09
74 1.90223e+09
75 1.71367e+09
76 1.81023e+09
77 1.6953e+09
78 1.77368e+09
79 1.65304e+09
80 1.78923e+09
81 1.63568e+09
82 1.74926e+09
83 1.53952e+09
84 1.72049e+09
85 1.53284e+09
86 1.72245e+09
87 1.51509e+09
88 1.66212e+09
89 1.5121e+09
90 1.63412e+09
91 1.50822e+09
92 1.60981e+09
93 1.49642e+09
94 1.59853e+09
95 1.44498e+09
