0 1.44588
1 2.12352e+11
2 2.86168e+11
3 1.91412e+11
4 1.55924e+11
5 1.76048e+11
6 1.0381e+11
7 8.39679e+10
8 5.88062e+10
9 4.50134e+10
10 2.99922e+10
11 1.99233e+10
12 1.76659e+10
13 1.5817e+10
14 1.12389e+10
15 9.20561e+09
16 7.8559e+09
17 6.9989e+09
18 5.18493e+09
19 4.7173e+09
20 4.0941e+09
21 3.63754e+09
22 3.22794e+09
23 2.74378e+09
24 2.26769e+09
25 2.16954e+09
26 1.92502e+09
27 1.72419e+09
28 1.49559e+09
29 1.41236e+09
30 1.18331e+09
31 1.16683e+09
32 1.09093e+09
33 1.06222e+09
34 1.02214e+09
35 9.63845e+08
36 8.99424e+08
37 8.55623e+08
38 8.28472e+08
39 7.58836e+08
40 7.24006e+08
41 7.30296e+08
42 6.81304e+08
43 6.8979e+08
44 6.5587e+08
45 6.30609e+08
46 5.99267e+08
47 5.64076e+08
48 5.45006e+08
49 5.42112e+08
50 5.37017e+08
51 5.04695e+08
52 5.16153e+08
53 5.0648e+08
54 5.30503e+08
55 5.03733e+08
56 5.1243e+08
57 4.80301e+08
58 4.98989e+08
59 4.72918e+08
60 4.85661e+08
61 4.69507e+08
62 4.72008e+08
63 4.92099e+08
