0 1755.03
1 1.15653e+12
2 1.42306e+12
3 9.74369e+11
4 1.05657e+12
5 9.58579e+11
6 5.84007e+11
7 4.31952e+11
8 3.12109e+11
9 2.93458e+11
10 2.12013e+11
11 1.73164e+11
12 1.43868e+11
13 1.52103e+11
14 1.23258e+11
15 1.11289e+11
16 9.23549e+10
17 8.65733e+10
18 7.32622e+10
19 6.45819e+10
20 5.2102e+10
21 4.52689e+10
22 3.79365e+10
23 3.23673e+10
24 2.5858e+10
25 2.30285e+10
26 1.93975e+10
27 1.86828e+10
28 1.84815e+10
29 1.80307e+10
30 1.65174e+10
31 1.58372e+10
32 1.3648e+10
33 1.27288e+10
34 1.11148e+10
35 1.0469e+10
36 9.36646e+09
37 9.19667e+09
38 8.65524e+09
39 8.0687e+09
40 7.49002e+09
41 7.1081e+09
42 6.69866e+09
43 6.41682e+09
44 5.71784e+09
45 5.43548e+09
46 5.08883e+09
47 4.83028e+09
48 4.43739e+09
49 4.29186e+09
50 4.22648e+09
51 3.97554e+09
52 3.81545e+09
53 3.70508e+09
54 3.54667e+09
55 3.47318e+09
56 3.34593e+09
57 3.15739e+09
58 3.12588e+09
59 3.06737e+09
60 3.12836e+09
61 3.08869e+09
62 3.03349e+09
63 2.804e+09
64 2.6586e+09
65 2.63225e+09
66 2.49421e+09
67 2.4272e+09
68 2.45697e+09
69 2.31624e+09
70 2.25653e+09
71 2.22735e+09
72 2.18074e+09
73 2.16052e+09
74 2.02591e+09
75 2.08507e+09
76 1.98917e+09
77 2.05931e+09
78 2.04771e+09
79 1.94336e+09
80 2.00004e+09
81 1.87452e+09
82 1.9471e+09
83 1.77078e+09
84 1.84533e+09
85 1.8028e+09
86 1.83535e+09
87 1.84719e+09
88 1.8353e+09
89 1.81242e+09
90 1.88514e+09
91 1.82445e+09
92 1.87437e+09
93 1.71477e+09
94 1.87895e+09
95 1.77487e+09
