0 489.513
1 1.32531e+12
2 3.0134e+12
3 2.05666e+12
4 3.08728e+12
5 3.55982e+12
6 1.56494e+12
7 1.03044e+12
8 8.21816e+11
9 3.81086e+11
10 2.57613e+11
11 2.17125e+11
12 1.90647e+11
13 1.89387e+11
14 1.51273e+11
15 1.24514e+11
16 8.8131e+10
17 7.17569e+10
18 5.74267e+10
19 5.20121e+10
20 4.96873e+10
21 4.37951e+10
22 3.78726e+10
23 3.56325e+10
24 3.10981e+10
25 3.03219e+10
26 2.75962e+10
27 2.43916e+10
28 2.05655e+10
29 1.92643e+10
30 1.57718e+10
31 1.48725e+10
32 1.34217e+10
33 1.2181e+10
34 1.1253e+10
35 1.06768e+10
36 9.74644e+09
37 9.07704e+09
38 8.34554e+09
39 7.58e+09
40 6.95459e+09
41 6.80343e+09
42 6.08392e+09
43 5.95755e+09
44 5.46984e+09
45 4.99016e+09
46 4.75187e+09
47 4.51791e+09
48 4.19862e+09
49 4.13859e+09
50 3.95283e+09
51 3.72201e+09
52 3.53399e+09
53 3.37374e+09
54 3.21592e+09
55 3.06596e+09
56 2.97823e+09
57 2.78992e+09
58 2.75082e+09
59 2.60413e+09
60 2.58658e+09
61 2.4728e+09
62 2.41726e+09
63 2.28071e+09
64 2.2105e+09
65 2.16292e+09
66 2.06142e+09
67 1.9972e+09
68 1.98302e+09
69 1.8903e+09
70 1.87146e+09
71 1.79154e+09
72 1.79978e+09
73 1.75758e+09
74 1.72435e+09
75 1.69354e+09
76 1.67884e+09
77 1.66236e+09
78 1.65221e+09
79 1.6137e+09
80 1.61061e+09
81 1.57252e+09
82 1.57491e+09
83 1.53408e+09
84 1.55429e+09
85 1.5076e+09
86 1.53839e+09
87 1.50812e+09
88 1.54433e+09
89 1.49532e+09
90 1.50254e+09
91 1.49963e+09
92 1.53444e+09
93 1.49386e+09
94 1.53846e+09
95 1.47444e+09
