0 46937.3
1 5.8345e+11
2 9.14717e+11
3 5.85183e+11
4 5.13709e+11
5 4.95297e+11
6 2.70829e+11
7 2.34161e+11
8 1.86758e+11
9 1.55533e+11
10 1.35724e+11
11 1.07571e+11
12 1.01685e+11
13 1.15465e+11
14 1.22047e+11
15 1.2605e+11
16 1.00878e+11
17 8.30273e+10
18 7.5776e+10
19 8.6069e+10
20 8.25779e+10
21 7.5549e+10
22 6.87991e+10
23 6.98607e+10
24 6.66058e+10
25 6.29056e+10
26 4.56065e+10
27 3.88746e+10
28 3.76926e+10
29 3.86125e+10
30 3.33555e+10
31 2.86823e+10
32 2.42337e+10
33 2.56808e+10
34 2.43181e+10
35 2.20546e+10
36 1.94687e+10
37 1.81296e+10
38 1.67679e+10
39 1.58544e+10
40 1.34905e+10
41 1.41969e+10
42 1.31154e+10
43 1.33502e+10
44 1.36422e+10
45 1.22091e+10
46 1.11619e+10
47 1.01028e+10
48 9.38215e+09
49 8.41667e+09
50 8.35874e+09
51 7.60251e+09
52 7.42466e+09
53 7.58154e+09
54 7.46563e+09
55 7.49509e+09
56 6.97071e+09
57 6.58279e+09
58 6.6647e+09
59 6.42838e+09
60 6.35582e+09
61 6.40085e+09
62 6.17261e+09
63 5.67822e+09
64 5.18008e+09
65 5.3248e+09
66 4.85996e+09
67 5.21385e+09
68 5.14976e+09
69 4.82349e+09
70 4.4889e+09
71 4.24625e+09
72 4.16869e+09
73 4.26568e+09
74 3.82961e+09
75 3.89195e+09
76 3.92241e+09
77 4.04264e+09
78 3.89692e+09
79 3.91322e+09
80 4.04907e+09
81 3.93552e+09
82 3.90569e+09
83 3.67537e+09
84 3.61915e+09
85 3.5368e+09
86 3.55828e+09
87 3.45195e+09
88 3.41895e+09
89 3.40635e+09
90 3.42493e+09
91 3.56858e+09
92 3.56704e+09
93 3.60792e+09
94 3.56682e+09
95 3.73621e+09
