0 216.421
1 5.2366e+12
2 6.29778e+12
3 2.72105e+12
4 6.69344e+11
5 6.98962e+11
6 4.2176e+11
7 2.83209e+11
8 2.5355e+11
9 2.64633e+11
10 2.52813e+11
11 2.18547e+11
12 1.74386e+11
13 1.35769e+11
14 9.404e+10
15 7.4105e+10
16 7.44635e+10
17 5.87006e+10
18 4.35601e+10
19 4.70897e+10
20 4.46111e+10
21 3.76119e+10
22 3.47169e+10
23 3.37123e+10
24 2.781e+10
25 2.64924e+10
26 2.35757e+10
27 2.1613e+10
28 1.9134e+10
29 2.09016e+10
30 1.63268e+10
31 1.47827e+10
32 1.38727e+10
33 1.23459e+10
34 1.10248e+10
35 1.05623e+10
36 9.47188e+09
37 9.28165e+09
38 9.38773e+09
39 8.7196e+09
40 7.86692e+09
41 7.6427e+09
42 6.92581e+09
43 6.96161e+09
44 5.65782e+09
45 5.45393e+09
46 5.29572e+09
47 5.18113e+09
48 5.16011e+09
49 4.838e+09
50 4.80654e+09
51 4.43811e+09
52 4.40569e+09
53 4.23454e+09
54 3.94127e+09
55 3.92387e+09
56 3.86812e+09
57 3.23737e+09
58 3.39293e+09
59 3.53797e+09
60 3.63191e+09
61 3.27175e+09
62 3.20485e+09
63 3.11565e+09
64 2.94173e+09
65 3.04197e+09
66 2.8694e+09
67 2.84477e+09
68 2.69775e+09
69 2.80863e+09
70 2.60268e+09
71 2.61707e+09
72 2.65686e+09
73 2.70363e+09
74 2.52866e+09
75 2.44115e+09
76 2.36734e+09
77 2.52016e+09
78 2.37476e+09
79 2.39006e+09
80 2.44722e+09
81 2.26415e+09
82 2.25805e+09
83 2.09267e+09
84 2.20187e+09
85 2.12994e+09
86 2.25821e+09
87 2.13394e+09
88 2.15092e+09
89 2.17442e+09
90 2.15192e+09
91 2.13823e+09
92 2.20847e+09
93 2.22219e+09
94 2.3514e+09
95 2.17786e+09
