0 27.2404
1 1.64537e+10
2 2.23843e+11
3 4.00467e+11
4 2.4815e+11
5 2.00117e+11
6 1.24303e+11
7 1.16022e+11
8 8.76403e+10
9 7.19545e+10
10 5.31123e+10
11 3.48171e+10
12 2.95808e+10
13 2.37508e+10
14 1.73443e+10
15 1.46878e+10
16 1.12283e+10
17 9.43331e+09
18 7.48369e+09
19 7.20912e+09
20 6.62618e+09
21 5.75858e+09
22 5.22207e+09
23 4.6479e+09
24 3.87267e+09
25 3.66895e+09
26 3.16972e+09
27 2.87144e+09
28 2.38265e+09
29 2.16279e+09
30 1.8113e+09
31 1.67692e+09
32 1.4618e+09
33 1.32408e+09
34 1.22568e+09
35 1.11165e+09
36 1.0438e+09
37 9.33469e+08
38 9.38085e+08
39 8.97334e+08
40 8.23865e+08
41 7.78918e+08
42 7.2438e+08
43 7.10629e+08
44 6.66916e+08
45 6.18637e+08
46 5.81569e+08
47 5.61656e+08
48 5.15902e+08
49 5.18326e+08
50 5.18915e+08
51 5.21488e+08
52 5.17422e+08
53 4.86656e+08
54 5.27192e+08
55 4.76234e+08
56 5.2995e+08
57 4.68899e+08
58 5.04169e+08
59 4.99492e+08
60 4.62204e+08
61 4.73604e+08
62 4.33315e+08
63 4.95792e+08
