0 57.976
1 7.21879e+10
2 2.55642e+11
3 1.58082e+11
4 1.49803e+11
5 2.30392e+11
6 1.91648e+11
7 1.64232e+11
8 1.22392e+11
9 8.76259e+10
10 5.76756e+10
11 3.82166e+10
12 2.94892e+10
13 2.10042e+10
14 1.44789e+10
15 1.09178e+10
16 8.74704e+09
17 8.57997e+09
18 7.66624e+09
19 7.13868e+09
20 6.39699e+09
21 5.94924e+09
22 5.34937e+09
23 4.63912e+09
24 4.19001e+09
25 3.53853e+09
26 2.92174e+09
27 2.53844e+09
28 2.25877e+09
29 2.18509e+09
30 2.04875e+09
31 2.12105e+09
32 1.99192e+09
33 1.87385e+09
34 1.78352e+09
35 1.58176e+09
36 1.49112e+09
37 1.37251e+09
38 1.36708e+09
39 1.24781e+09
40 1.16373e+09
41 1.10269e+09
42 1.01774e+09
43 9.95734e+08
44 9.57687e+08
45 8.97432e+08
46 8.71578e+08
47 8.29277e+08
48 8.19314e+08
49 7.73828e+08
50 7.93696e+08
51 7.86363e+08
52 8.21072e+08
53 7.75634e+08
54 7.94986e+08
55 7.3165e+08
56 7.3904e+08
57 7.12647e+08
58 7.11874e+08
59 7.20973e+08
60 7.09438e+08
61 7.09539e+08
62 6.88138e+08
63 7.17798e+08
