0 19.4438
1 1.59954e+12
2 3.9003e+12
3 3.92288e+12
4 2.02098e+12
5 7.94139e+11
6 3.36561e+11
7 3.39792e+11
8 3.29586e+11
9 3.15771e+11
10 2.21354e+11
11 1.41935e+11
12 9.41997e+10
13 9.35269e+10
14 8.61715e+10
15 8.29677e+10
16 7.47943e+10
17 6.65611e+10
18 5.23838e+10
19 4.70869e+10
20 3.74324e+10
21 3.32252e+10
22 2.94087e+10
23 2.53774e+10
24 2.15168e+10
25 2.02582e+10
26 1.90996e+10
27 1.75031e+10
28 1.4933e+10
29 1.42775e+10
30 1.24263e+10
31 1.23953e+10
32 1.17146e+10
33 1.09509e+10
34 1.12324e+10
35 1.04212e+10
36 9.16281e+09
37 8.47953e+09
38 8.20354e+09
39 7.05011e+09
40 6.71546e+09
41 6.47316e+09
42 5.91979e+09
43 5.7117e+09
44 5.09713e+09
45 4.74311e+09
46 4.22307e+09
47 3.95763e+09
48 3.45063e+09
49 3.50389e+09
50 3.35654e+09
51 3.39918e+09
52 3.02868e+09
53 3.12191e+09
54 2.87788e+09
55 3.01491e+09
56 2.72812e+09
57 2.68926e+09
58 2.57165e+09
59 2.35089e+09
60 2.48163e+09
61 2.44481e+09
62 2.4658e+09
63 2.20428e+09
64 2.13629e+09
65 2.08448e+09
66 2.01782e+09
67 1.90296e+09
68 1.8576e+09
69 1.75899e+09
70 1.6696e+09
71 1.7183e+09
72 1.66382e+09
73 1.70861e+09
74 1.61582e+09
75 1.63701e+09
76 1.5564e+09
77 1.68022e+09
78 1.53711e+09
79 1.45498e+09
80 1.51545e+09
81 1.52502e+09
82 1.52386e+09
83 1.48641e+09
84 1.44524e+09
85 1.41019e+09
86 1.48073e+09
87 1.38007e+09
88 1.42723e+09
89 1.37176e+09
90 1.44921e+09
91 1.53085e+09
92 1.47254e+09
93 1.48054e+09
94 1.37653e+09
95 1.48785e+09
