0 1216.27
1 9.9802e+10
2 1.41367e+11
3 8.21594e+10
4 6.98396e+10
5 6.54724e+10
6 3.02627e+10
7 2.43048e+10
8 2.08208e+10
9 2.05955e+10
10 1.66948e+10
11 1.47991e+10
12 1.74771e+10
13 2.18183e+10
14 1.82216e+10
15 1.74787e+10
16 1.48666e+10
17 1.41794e+10
18 1.26868e+10
19 1.07255e+10
20 7.60692e+09
21 7.39494e+09
22 7.6346e+09
23 6.62333e+09
24 5.62433e+09
25 5.33316e+09
26 4.32505e+09
27 3.69555e+09
28 3.39991e+09
29 4.29793e+09
30 4.15328e+09
31 3.68397e+09
32 2.98124e+09
33 2.63069e+09
34 2.6663e+09
35 2.45182e+09
36 2.35129e+09
37 2.11255e+09
38 2.1354e+09
39 1.89152e+09
40 1.85073e+09
41 1.6534e+09
42 1.5522e+09
43 1.44681e+09
44 1.42453e+09
45 1.30839e+09
46 1.26805e+09
47 1.25383e+09
48 1.22931e+09
49 1.20808e+09
50 1.2423e+09
51 1.25902e+09
52 1.26742e+09
53 1.17376e+09
54 1.24551e+09
55 1.06784e+09
56 1.08531e+09
57 9.75221e+08
58 1.02332e+09
59 1.02701e+09
60 1.03544e+09
61 9.57276e+08
62 9.08235e+08
63 1.05095e+09
