0 40.4163
1 8.0345e+11
2 8.91711e+11
3 3.94769e+11
4 1.18731e+11
5 1.02495e+11
6 7.40355e+10
7 7.03593e+10
8 4.17394e+10
9 3.55882e+10
10 2.96744e+10
11 2.04767e+10
12 1.6383e+10
13 1.26688e+10
14 9.47395e+09
15 9.47852e+09
16 7.06787e+09
17 6.82127e+09
18 5.6105e+09
19 5.05057e+09
20 4.24909e+09
21 4.10771e+09
22 3.55097e+09
23 3.14091e+09
24 2.82391e+09
25 2.86178e+09
26 2.4092e+09
27 2.24489e+09
28 2.0899e+09
29 2.26226e+09
30 1.75408e+09
31 1.96447e+09
32 1.65205e+09
33 1.71293e+09
34 1.58162e+09
35 1.61831e+09
36 1.59341e+09
37 1.44205e+09
38 1.49708e+09
39 1.38318e+09
40 1.36006e+09
41 1.3115e+09
42 1.20345e+09
43 1.18182e+09
44 1.2265e+09
45 1.05641e+09
46 1.04643e+09
47 9.82592e+08
48 1.04706e+09
49 9.44698e+08
50 1.07549e+09
51 9.39873e+08
52 1.06601e+09
53 9.76946e+08
54 1.05579e+09
55 9.59002e+08
56 9.43649e+08
57 9.24515e+08
58 9.7961e+08
59 9.38358e+08
60 9.33922e+08
61 9.31837e+08
62 9.27673e+08
63 9.73294e+08
