1 22.46 msec 0
2 22.90 msec 0
3 27.60 msec 0
4 23.64 msec 0
5 24.75 msec 0
6 18.45 msec 0
7 21.97 msec 0
8 22.92 msec 0
9 21.44 msec 0
10 19.27 msec 0
11 21.78 msec 0
12 22.29 msec 0
13 22.26 msec 0
14 18.78 msec 0
15 21.20 msec 0
16 22.67 msec 0
17 23.45 msec 0
18 19.91 msec 0
19 21.45 msec 0
20 21.62 msec 0
21 22.94 msec 0
22 22.52 msec 0
23 21.20 msec 0
24 25.08 msec 0
25 23.74 msec 0
26 21.92 msec 0
27 19.61 msec 0
28 22.70 msec 0
29 18.45 msec 0
30 18.00 msec 0
31 17.76 msec 0
32 23.67 msec 0
33 18.14 msec 0
34 23.99 msec 0
35 22.14 msec 0
36 25.21 msec 0
37 32.45 msec 0
1 21.80 msec 0
2 21.32 msec 0
3 22.61 msec 0
4 23.69 msec 0
5 21.92 msec 0
6 30.63 msec 0
7 28.84 msec 0
8 30.43 msec 0
9 30.17 msec 0
10 29.53 msec 0
11 31.07 msec 0
12 36.63 msec 0
13 32.91 msec 0
14 33.98 msec 0
15 33.93 msec 0
16 27.78 msec 0
17 32.29 msec 0
18 35.73 msec 0
19 31.91 msec 0
20 32.52 msec 0
21 33.94 msec 0
22 32.55 msec 0
23 30.43 msec 0
24 31.50 msec 0
25 33.56 msec 0
26 31.19 msec 0
27 29.34 msec 0
28 35.20 msec 0
29 30.00 msec 0
30 36.21 msec 0
31 26.05 msec 0
32 29.60 msec 0
33 31.77 msec 0
34 25.24 msec 0
35 32.34 msec 0
36 29.99 msec 0
37 32.29 msec 0
38 31.93 msec 0
39 28.82 msec 0
40 33.34 msec 0
41 28.33 msec 0
42 32.23 msec 0
43 31.37 msec 0
44 32.48 msec 0
45 31.98 msec 0
46 29.72 msec 0
47 27.56 msec 0
48 31.41 msec 0
49 35.60 msec 0
50 27.10 msec 0
51 22.62 msec 0
52 28.35 msec 0
53 30.13 msec 0
54 28.68 msec 0
55 33.53 msec 0
56 27.00 msec 0
57 30.29 msec 0
58 31.19 msec 0
59 26.20 msec 0
60 35.29 msec 0
61 29.11 msec 0
62 33.94 msec 0
63 32.67 msec 0
64 28.24 msec 0
65 30.70 msec 0
66 28.92 msec 0
67 37.16 msec 0
68 32.10 msec 0
69 31.93 msec 0
70 32.36 msec 0
71 32.79 msec 0
72 28.83 msec 0
73 31.40 msec 0
74 35.18 msec 0
75 32.01 msec 0
76 32.84 msec 0
77 32.48 msec 0
78 29.31 msec 0
79 30.53 msec 0
80 28.54 msec 0
81 33.20 msec 0
82 29.60 msec 0
83 21.66 msec 0
84 31.63 msec 0
85 31.73 msec 0
86 32.01 msec 0
87 27.87 msec 0
88 23.01 msec 0
89 32.20 msec 0
90 32.73 msec 0
91 33.76 msec 0
92 32.20 msec 0
93 35.10 msec 0
94 31.30 msec 0
95 30.29 msec 0
96 33.57 msec 0
97 30.14 msec 0
98 32.90 msec 0
99 32.15 msec 0
100 30.91 msec 0
101 27.51 msec 0
102 21.82 msec 0
103 19.92 msec 0
104 21.56 msec 0
105 20.19 msec 0
106 40.44 msec 0
107 30.81 msec 0
108 31.99 msec 0
109 31.11 msec 0
110 32.77 msec 0
111 36.47 msec 0
112 21.97 msec 0
113 32.29 msec 0
114 30.24 msec 0
115 30.80 msec 0
116 30.35 msec 0
117 32.65 msec 0
118 32.95 msec 0
119 33.90 msec 0
120 32.18 msec 0
121 30.27 msec 0
122 33.67 msec 0
123 21.34 msec 0
124 17.99 msec 0
125 22.70 msec 0
126 30.25 msec 0
127 33.13 msec 0
128 28.74 msec 0
129 29.58 msec 0
130 29.76 msec 0
131 33.35 msec 0
132 32.82 msec 0
133 32.78 msec 0
134 30.77 msec 0
135 33.79 msec 0
136 18.52 msec 0
137 33.17 msec 0
138 32.94 msec 0
139 33.84 msec 0
140 33.86 msec 0
141 31.64 msec 0
142 35.11 msec 0
143 32.25 msec 0
144 32.13 msec 0
145 32.09 msec 0
146 31.62 msec 0
147 31.54 msec 0
148 31.86 msec 0
149 22.27 msec 0
150 31.96 msec 0
151 19.86 msec 0
152 31.29 msec 0
153 34.39 msec 0
154 30.32 msec 0
155 32.13 msec 0
156 31.06 msec 0
157 29.89 msec 0
158 27.64 msec 0
159 30.63 msec 0
160 33.47 msec 0
161 31.74 msec 0
162 26.94 msec 0
163 19.60 msec 0
164 29.13 msec 0
165 26.80 msec 0
166 29.45 msec 0
167 34.76 msec 0
168 26.95 msec 0
169 24.12 msec 0
170 22.81 msec 0
171 19.88 msec 0
172 31.13 msec 0
173 28.28 msec 0
174 24.34 msec 0
175 20.92 msec 0
176 23.48 msec 0
177 19.41 msec 0
178 21.33 msec 0
179 31.61 msec 0
180 31.22 msec 0
181 32.77 msec 0
182 33.32 msec 0
183 32.69 msec 0
184 24.51 msec 0
185 20.32 msec 0
186 30.62 msec 0
187 31.04 msec 0
188 21.59 msec 0
189 21.25 msec 0
190 22.10 msec 0
191 20.74 msec 0
192 25.79 msec 0
193 28.63 msec 0
194 27.23 msec 0
195 29.65 msec 0
196 32.14 msec 0
197 31.49 msec 0
198 32.61 msec 0
199 24.45 msec 0
200 32.15 msec 0
201 18.28 msec 0
202 28.66 msec 0
203 30.25 msec 0
204 30.16 msec 0
205 37.29 msec 0
206 31.55 msec 0
207 33.06 msec 0
208 26.48 msec 0
209 22.86 msec 0
210 29.42 msec 0
211 31.13 msec 0
212 26.26 msec 0
213 30.92 msec 0
214 32.23 msec 0
215 29.06 msec 0
216 30.60 msec 0
217 32.03 msec 0
218 21.40 msec 0
219 31.96 msec 0
220 34.01 msec 0
221 28.76 msec 0
222 38.56 msec 0
223 18.32 msec 0
224 19.58 msec 0
225 20.85 msec 0
226 22.67 msec 0
227 20.99 msec 0
228 30.46 msec 0
229 17.79 msec 0
230 22.52 msec 0
231 23.06 msec 0
232 30.56 msec 0
233 23.89 msec 0
234 21.54 msec 0
235 20.16 msec 0
236 17.49 msec 0
237 22.64 msec 0
238 20.70 msec 0
239 22.61 msec 0
240 21.95 msec 0
241 19.07 msec 0
242 34.28 msec 0
243 33.67 msec 0
244 30.33 msec 0
245 31.94 msec 0
246 27.74 msec 0
247 25.51 msec 0
248 34.60 msec 0
249 33.20 msec 0
250 29.06 msec 0
251 21.66 msec 0
252 31.67 msec 0
253 30.82 msec 0
254 33.52 msec 0
255 34.70 msec 0
256 31.20 msec 0
257 32.69 msec 0
258 30.87 msec 0
259 35.78 msec 0
260 29.39 msec 0
261 22.14 msec 0
262 35.07 msec 0
263 26.46 msec 0
264 32.55 msec 0
265 28.37 msec 0
266 32.24 msec 0
267 23.93 msec 0
268 19.06 msec 0
269 24.41 msec 0
270 18.12 msec 0
271 30.65 msec 0
272 22.54 msec 0
273 31.98 msec 0
274 27.19 msec 0
275 26.03 msec 0
276 32.14 msec 0
277 33.61 msec 0
278 27.66 msec 0
279 27.95 msec 0
280 32.81 msec 0
281 29.54 msec 0
282 29.45 msec 0
283 26.46 msec 0
284 28.64 msec 0
285 26.77 msec 0
286 30.81 msec 0
287 31.35 msec 0
288 29.79 msec 0
289 41.61 msec 0
290 30.26 msec 0
291 33.07 msec 0
292 32.55 msec 0
293 27.76 msec 0
294 31.87 msec 0
295 27.69 msec 0
296 27.89 msec 0
297 30.76 msec 0
298 32.82 msec 0
299 22.36 msec 0
300 29.86 msec 0
301 21.51 msec 0
302 18.81 msec 0
303 18.60 msec 0
304 22.91 msec 0
305 31.81 msec 0
306 22.13 msec 0
307 35.68 msec 0
308 31.60 msec 0
309 30.17 msec 0
310 32.35 msec 0
311 31.74 msec 0
312 22.84 msec 0
313 29.73 msec 0
314 31.31 msec 0
315 32.13 msec 0
316 32.19 msec 0
317 27.54 msec 0
318 31.87 msec 0
319 34.73 msec 0
320 27.69 msec 0
321 33.38 msec 0
322 32.56 msec 0
323 32.97 msec 0
324 29.01 msec 0
325 24.86 msec 0
326 22.21 msec 0
327 33.47 msec 0
328 30.41 msec 0
329 31.85 msec 0
330 32.10 msec 0
331 32.61 msec 0
332 31.79 msec 0
333 29.05 msec 0
334 17.94 msec 0
335 33.01 msec 0
336 17.66 msec 0
337 32.18 msec 0
338 26.60 msec 0
339 32.30 msec 0
340 32.19 msec 0
341 34.53 msec 0
342 31.19 msec 0
343 21.88 msec 0
344 19.65 msec 0
345 32.92 msec 0
346 33.98 msec 0
347 29.78 msec 0
348 35.07 msec 0
349 31.08 msec 0
350 20.92 msec 0
351 20.77 msec 0
352 21.67 msec 0
353 30.22 msec 0
354 32.55 msec 0
355 26.88 msec 0
356 31.30 msec 0
357 30.30 msec 0
358 30.23 msec 0
359 26.73 msec 0
360 31.11 msec 0
361 22.92 msec 0
362 31.45 msec 0
363 34.31 msec 0
364 32.38 msec 0
365 23.80 msec 0
366 34.02 msec 0
367 24.97 msec 0
368 18.10 msec 0
369 30.81 msec 0
370 36.65 msec 0
371 18.02 msec 0
372 29.76 msec 0
373 27.53 msec 0
374 31.80 msec 0
375 30.65 msec 0
376 31.14 msec 0
377 22.21 msec 0
378 31.84 msec 0
379 30.80 msec 0
380 32.23 msec 0
381 33.65 msec 0
382 37.93 msec 0
383 32.63 msec 0
384 31.45 msec 0
385 31.24 msec 0
386 32.63 msec 0
387 30.06 msec 0
388 21.32 msec 0
389 21.63 msec 0
390 33.65 msec 0
391 25.54 msec 0
392 25.11 msec 0
393 31.86 msec 0
394 30.28 msec 0
395 31.00 msec 0
396 30.74 msec 0
397 32.92 msec 0
398 31.86 msec 0
399 31.20 msec 0
400 30.27 msec 0
