1 231.95 msec 0
2 216.67 msec 0
3 221.62 msec 0
4 213.82 msec 0
5 221.27 msec 0
6 227.27 msec 0
7 216.27 msec 0
8 317.09 msec 0
9 329.08 msec 0
10 333.80 msec 0
11 337.70 msec 0
12 320.36 msec 0
13 318.25 msec 0
14 331.55 msec 0
15 350.08 msec 0
16 332.60 msec 0
17 341.23 msec 0
18 321.36 msec 0
19 340.35 msec 0
20 329.89 msec 0
21 356.16 msec 0
22 337.19 msec 0
23 334.55 msec 0
24 331.90 msec 0
25 343.17 msec 0
26 422.79 msec 0
27 334.76 msec 0
28 325.01 msec 0
29 336.12 msec 0
30 345.29 msec 0
31 366.52 msec 0
32 338.84 msec 0
33 338.07 msec 0
34 341.34 msec 0
35 331.95 msec 0
36 329.93 msec 0
37 332.01 msec 0
38 335.51 msec 0
39 327.16 msec 0
40 359.90 msec 0
41 338.90 msec 0
42 335.04 msec 0
43 338.29 msec 0
44 325.43 msec 0
45 333.25 msec 0
46 332.25 msec 0
47 343.96 msec 0
48 337.65 msec 0
49 332.85 msec 0
50 332.16 msec 0
51 394.10 msec 0
52 334.20 msec 0
53 343.52 msec 0
54 338.44 msec 0
55 332.07 msec 0
56 339.14 msec 0
57 334.56 msec 0
58 328.34 msec 0
59 324.44 msec 0
60 331.99 msec 0
61 335.64 msec 0
62 341.08 msec 0
63 336.34 msec 0
64 325.89 msec 0
65 372.00 msec 0
66 322.21 msec 0
67 333.69 msec 0
68 333.23 msec 0
69 323.02 msec 0
70 322.91 msec 0
71 331.42 msec 0
72 346.36 msec 0
73 345.01 msec 0
74 327.77 msec 0
75 342.48 msec 0
76 323.05 msec 0
77 334.69 msec 0
78 329.56 msec 0
79 330.31 msec 0
80 333.82 msec 0
81 388.81 msec 0
82 340.18 msec 0
83 338.47 msec 0
84 326.73 msec 0
85 291.02 msec 0
86 333.94 msec 0
87 334.43 msec 0
88 337.34 msec 0
89 334.13 msec 0
90 328.06 msec 0
91 336.29 msec 0
92 352.78 msec 0
93 337.46 msec 0
94 330.45 msec 0
95 332.08 msec 0
96 331.69 msec 0
97 334.74 msec 0
98 336.31 msec 0
99 333.84 msec 0
100 335.90 msec 0
101 341.79 msec 0
102 327.69 msec 0
103 337.60 msec 0
104 323.08 msec 0
105 231.81 msec 0
106 323.39 msec 0
107 338.79 msec 0
108 334.33 msec 0
109 277.87 msec 0
110 317.24 msec 0
111 328.79 msec 0
112 317.32 msec 0
113 323.98 msec 0
114 328.88 msec 0
115 326.93 msec 0
116 334.80 msec 0
117 327.40 msec 0
118 328.78 msec 0
119 333.04 msec 0
120 327.38 msec 0
121 334.66 msec 0
122 331.76 msec 0
123 332.80 msec 0
124 329.69 msec 0
125 336.97 msec 0
126 325.89 msec 0
127 336.89 msec 0
128 344.85 msec 0
129 358.13 msec 0
130 367.63 msec 0
131 364.04 msec 0
132 362.65 msec 0
133 369.83 msec 0
134 351.78 msec 0
135 362.37 msec 0
136 363.70 msec 0
137 357.43 msec 0
138 362.36 msec 0
139 359.32 msec 0
140 360.51 msec 0
141 387.76 msec 0
142 360.31 msec 0
143 353.29 msec 0
144 362.74 msec 0
145 342.10 msec 0
146 335.32 msec 0
147 347.28 msec 0
148 339.84 msec 0
149 341.99 msec 0
150 320.77 msec 0
151 330.80 msec 0
152 328.44 msec 0
153 353.33 msec 0
154 351.39 msec 0
155 346.35 msec 0
156 335.31 msec 0
157 339.14 msec 0
158 330.70 msec 0
159 342.19 msec 0
160 365.47 msec 0
161 377.38 msec 0
162 327.40 msec 0
163 330.03 msec 0
164 333.39 msec 0
165 343.56 msec 0
166 327.84 msec 0
167 331.89 msec 0
168 273.95 msec 0
169 230.32 msec 0
170 344.62 msec 0
171 331.73 msec 0
172 341.14 msec 0
173 332.71 msec 0
174 340.97 msec 0
175 352.22 msec 0
176 326.90 msec 0
177 342.77 msec 0
178 343.36 msec 0
179 332.29 msec 0
180 327.75 msec 0
181 342.38 msec 0
182 333.33 msec 0
183 329.71 msec 0
184 390.55 msec 0
185 328.16 msec 0
186 346.24 msec 0
187 334.14 msec 0
188 332.91 msec 0
189 336.40 msec 0
190 440.90 msec 0
191 332.29 msec 0
192 331.52 msec 0
193 327.33 msec 0
194 331.45 msec 0
195 338.54 msec 0
196 334.29 msec 0
