1 1.236 sec 0
2 933.66 msec 0
3 978.81 msec 0
4 1.005 sec 0
5 947.12 msec 0
6 977.76 msec 0
7 1.006 sec 0
8 1.001 sec 0
9 1.037 sec 0
10 1.217 sec 0
11 1.065 sec 0
12 1.405 sec 0
13 1.369 sec 0
14 1.462 sec 0
15 1.445 sec 0
16 1.435 sec 0
17 1.461 sec 0
18 1.430 sec 0
19 1.404 sec 0
20 1.422 sec 0
21 1.414 sec 0
22 1.426 sec 0
23 1.443 sec 0
24 1.467 sec 0
25 1.487 sec 0
26 1.903 sec 0
27 1.433 sec 0
28 1.564 sec 0
29 1.517 sec 0
30 1.489 sec 0
31 1.471 sec 0
32 1.429 sec 0
33 1.427 sec 0
34 1.608 sec 0
35 1.349 sec 0
36 1.460 sec 0
37 1.373 sec 0
38 1.504 sec 0
39 1.396 sec 0
40 1.483 sec 0
41 1.417 sec 0
42 1.334 sec 0
43 1.447 sec 0
44 1.460 sec 0
45 1.265 sec 0
46 1.410 sec 0
47 1.321 sec 0
48 1.451 sec 0
49 1.326 sec 0
50 1.438 sec 0
51 956.92 msec 0
52 1.444 sec 0
53 1.449 sec 0
54 1.498 sec 0
55 1.441 sec 0
56 1.417 sec 0
57 1.427 sec 0
58 1.518 sec 0
59 1.426 sec 0
60 1.477 sec 0
61 1.445 sec 0
62 1.424 sec 0
63 1.335 sec 0
64 1.413 sec 0
65 1.387 sec 0
66 1.445 sec 0
67 1.345 sec 0
68 1.432 sec 0
69 1.190 sec 0
70 1.549 sec 0
71 1.568 sec 0
72 1.515 sec 0
73 1.320 sec 0
74 1.445 sec 0
75 1.425 sec 0
76 1.362 sec 0
77 1.402 sec 0
78 1.427 sec 0
79 1.399 sec 0
80 1.433 sec 0
81 1.409 sec 0
82 1.423 sec 0
83 1.164 sec 0
84 946.25 msec 0
85 956.55 msec 0
86 1.403 sec 0
87 1.351 sec 0
88 1.573 sec 0
89 1.028 sec 0
90 1.336 sec 0
91 1.500 sec 0
92 1.424 sec 0
93 1.339 sec 0
94 1.316 sec 0
95 1.441 sec 0
96 1.398 sec 0
97 1.433 sec 0
98 1.436 sec 0
99 1.346 sec 0
100 1.437 sec 0
101 1.063 sec 0
102 1.425 sec 0
103 1.256 sec 0
104 960.72 msec 0
105 953.32 msec 0
106 951.76 msec 0
107 1.163 sec 0
108 1.028 sec 0
109 981.17 msec 0
110 975.04 msec 0
111 1.191 sec 0
112 1.369 sec 0
113 1.363 sec 0
114 1.310 sec 0
115 1.493 sec 0
116 1.440 sec 0
117 1.384 sec 0
118 1.267 sec 0
119 1.267 sec 0
120 944.86 msec 0
121 1.104 sec 0
122 1.391 sec 0
123 1.437 sec 0
124 1.354 sec 0
125 1.062 sec 0
126 1.382 sec 0
127 1.441 sec 0
128 1.534 sec 0
129 1.546 sec 0
130 1.565 sec 0
131 1.555 sec 0
132 1.526 sec 0
133 1.539 sec 0
134 1.588 sec 0
135 1.532 sec 0
136 1.555 sec 0
137 1.522 sec 0
138 1.519 sec 0
139 1.551 sec 0
140 1.545 sec 0
141 1.599 sec 0
142 1.548 sec 0
143 1.555 sec 0
144 1.597 sec 0
145 1.412 sec 0
146 1.508 sec 0
147 1.274 sec 0
148 1.372 sec 0
149 1.425 sec 0
150 1.337 sec 0
151 1.425 sec 0
152 1.352 sec 0
153 1.435 sec 0
154 1.511 sec 0
155 1.425 sec 0
156 1.343 sec 0
157 1.334 sec 0
158 1.228 sec 0
159 1.354 sec 0
160 1.345 sec 0
161 1.386 sec 0
162 1.411 sec 0
163 1.496 sec 0
164 1.176 sec 0
165 1.435 sec 0
166 1.204 sec 0
167 1.034 sec 0
168 968.09 msec 0
169 953.77 msec 0
170 1.172 sec 0
171 1.430 sec 0
172 1.319 sec 0
173 1.425 sec 0
174 1.472 sec 0
175 1.143 sec 0
176 1.420 sec 0
177 1.469 sec 0
178 1.465 sec 0
179 1.399 sec 0
180 1.431 sec 0
181 1.413 sec 0
182 1.307 sec 0
183 1.478 sec 0
184 1.443 sec 0
185 1.292 sec 0
186 1.557 sec 0
187 1.521 sec 0
188 1.442 sec 0
189 1.457 sec 0
190 1.539 sec 0
191 1.418 sec 0
192 1.348 sec 0
193 1.432 sec 0
194 1.456 sec 0
195 1.348 sec 0
196 1.432 sec 0
