1 1.932 sec 0
2 2.002 sec 0
3 1.847 sec 0
4 1.872 sec 0
5 1.891 sec 0
6 1.890 sec 0
7 1.972 sec 0
8 2.197 sec 0
9 1.819 sec 0
10 1.852 sec 0
11 1.848 sec 0
12 1.868 sec 0
13 1.858 sec 0
14 1.867 sec 0
15 1.887 sec 0
16 1.852 sec 0
17 1.924 sec 0
18 1.928 sec 0
19 1.943 sec 0
20 1.845 sec 0
21 1.857 sec 0
22 1.896 sec 0
23 1.890 sec 0
24 1.904 sec 0
25 1.885 sec 0
26 1.903 sec 0
27 1.864 sec 0
28 1.885 sec 0
29 1.864 sec 0
30 1.904 sec 0
31 1.854 sec 0
32 1.905 sec 0
33 1.904 sec 0
34 1.874 sec 0
35 1.909 sec 0
36 1.840 sec 0
37 1.896 sec 0
1 1.943 sec 0
2 1.936 sec 0
3 1.839 sec 0
4 1.965 sec 0
5 1.922 sec 0
6 1.945 sec 0
7 1.860 sec 0
8 1.968 sec 0
9 1.945 sec 0
10 1.895 sec 0
11 1.918 sec 0
12 2.138 sec 0
13 2.098 sec 0
14 2.742 sec 0
15 2.312 sec 0
16 2.323 sec 0
17 2.327 sec 0
18 2.335 sec 0
19 2.352 sec 0
20 2.102 sec 0
21 2.393 sec 0
22 1.965 sec 0
23 2.191 sec 0
24 1.979 sec 0
25 2.061 sec 0
26 1.974 sec 0
27 2.983 sec 0
28 2.945 sec 0
29 2.940 sec 0
30 2.932 sec 0
31 2.927 sec 0
32 2.916 sec 0
33 3.039 sec 0
34 3.147 sec 0
35 2.944 sec 0
36 3.203 sec 0
37 3.275 sec 0
38 3.082 sec 0
39 2.955 sec 0
40 2.981 sec 0
41 2.912 sec 0
42 2.943 sec 0
43 2.925 sec 0
44 2.947 sec 0
45 2.897 sec 0
46 3.057 sec 0
47 1.906 sec 0
48 1.888 sec 0
49 1.924 sec 0
50 1.904 sec 0
51 1.852 sec 0
52 1.889 sec 0
53 1.858 sec 0
54 1.879 sec 0
55 1.829 sec 0
56 1.935 sec 0
57 1.875 sec 0
58 1.901 sec 0
59 1.901 sec 0
60 1.863 sec 0
61 1.907 sec 0
62 1.906 sec 0
63 1.900 sec 0
64 1.909 sec 0
65 1.953 sec 0
66 1.970 sec 0
67 1.934 sec 0
68 1.948 sec 0
69 1.876 sec 0
70 1.930 sec 0
71 1.894 sec 0
72 1.906 sec 0
73 1.926 sec 0
74 1.977 sec 0
75 1.838 sec 0
76 1.937 sec 0
77 2.050 sec 0
78 1.930 sec 0
79 1.877 sec 0
80 1.911 sec 0
81 1.906 sec 0
82 1.853 sec 0
83 1.876 sec 0
84 1.882 sec 0
85 1.846 sec 0
86 1.820 sec 0
87 1.867 sec 0
88 1.900 sec 0
89 1.891 sec 0
90 2.503 sec 0
91 1.891 sec 0
92 1.902 sec 0
93 1.869 sec 0
94 1.896 sec 0
95 1.850 sec 0
96 1.857 sec 0
97 1.897 sec 0
98 1.901 sec 0
99 1.848 sec 0
100 1.851 sec 0
101 1.826 sec 0
102 1.846 sec 0
103 1.800 sec 0
104 1.882 sec 0
105 1.799 sec 0
106 1.866 sec 0
107 1.853 sec 0
108 1.890 sec 0
109 1.871 sec 0
110 1.810 sec 0
111 1.816 sec 0
112 1.850 sec 0
113 1.834 sec 0
114 1.978 sec 0
115 1.845 sec 0
116 1.834 sec 0
117 2.821 sec 0
118 1.868 sec 0
119 1.932 sec 0
120 1.896 sec 0
121 1.864 sec 0
122 1.910 sec 0
123 1.870 sec 0
124 1.858 sec 0
125 1.897 sec 0
126 1.918 sec 0
127 1.863 sec 0
128 1.876 sec 0
129 1.849 sec 0
130 1.869 sec 0
131 1.861 sec 0
132 2.698 sec 0
133 1.854 sec 0
134 1.881 sec 0
135 1.847 sec 0
136 1.891 sec 0
137 1.908 sec 0
138 1.886 sec 0
139 1.791 sec 0
140 1.872 sec 0
141 1.800 sec 0
142 1.870 sec 0
143 1.907 sec 0
144 1.857 sec 0
145 1.851 sec 0
146 1.818 sec 0
147 1.883 sec 0
148 1.886 sec 0
149 1.845 sec 0
150 1.912 sec 0
151 1.814 sec 0
152 1.890 sec 0
153 1.819 sec 0
154 1.912 sec 0
155 1.819 sec 0
156 1.874 sec 0
157 1.840 sec 0
158 1.863 sec 0
159 1.836 sec 0
160 1.846 sec 0
161 1.884 sec 0
162 1.956 sec 0
163 1.849 sec 0
164 1.846 sec 0
165 1.875 sec 0
166 1.809 sec 0
167 1.860 sec 0
168 1.879 sec 0
169 1.868 sec 0
170 1.914 sec 0
171 1.829 sec 0
172 1.884 sec 0
173 1.883 sec 0
174 1.889 sec 0
175 1.862 sec 0
176 1.814 sec 0
177 1.850 sec 0
178 1.891 sec 0
179 1.866 sec 0
180 1.880 sec 0
181 1.790 sec 0
182 1.837 sec 0
183 1.838 sec 0
184 1.843 sec 0
185 1.850 sec 0
186 1.895 sec 0
187 1.855 sec 0
188 1.901 sec 0
189 1.864 sec 0
190 1.921 sec 0
191 1.821 sec 0
192 1.884 sec 0
193 1.909 sec 0
194 1.886 sec 0
195 1.814 sec 0
196 1.907 sec 0
197 1.995 sec 0
198 1.884 sec 0
199 1.815 sec 0
200 1.871 sec 0
201 1.828 sec 0
202 1.894 sec 0
203 1.872 sec 0
204 1.895 sec 0
205 1.870 sec 0
206 1.882 sec 0
207 1.865 sec 0
208 1.871 sec 0
209 1.795 sec 0
210 1.831 sec 0
211 1.855 sec 0
212 1.855 sec 0
213 1.865 sec 0
214 1.826 sec 0
215 1.861 sec 0
216 1.870 sec 0
217 2.599 sec 0
218 1.857 sec 0
219 1.867 sec 0
220 1.869 sec 0
221 1.810 sec 0
222 1.882 sec 0
223 1.850 sec 0
224 1.849 sec 0
225 1.845 sec 0
226 1.857 sec 0
227 1.870 sec 0
228 1.908 sec 0
229 1.827 sec 0
230 1.883 sec 0
231 1.844 sec 0
232 1.857 sec 0
233 1.849 sec 0
234 1.879 sec 0
235 1.857 sec 0
236 1.851 sec 0
237 1.832 sec 0
238 1.905 sec 0
239 1.838 sec 0
240 1.833 sec 0
241 1.826 sec 0
242 1.887 sec 0
243 1.886 sec 0
244 1.859 sec 0
245 1.857 sec 0
246 1.866 sec 0
247 1.880 sec 0
248 1.858 sec 0
249 1.815 sec 0
250 1.823 sec 0
251 1.864 sec 0
252 1.866 sec 0
253 1.832 sec 0
254 1.835 sec 0
255 1.791 sec 0
256 1.863 sec 0
257 1.803 sec 0
258 1.857 sec 0
259 2.449 sec 0
260 1.927 sec 0
261 1.907 sec 0
262 1.864 sec 0
263 1.860 sec 0
264 1.806 sec 0
265 1.842 sec 0
266 1.867 sec 0
267 1.895 sec 0
268 1.863 sec 0
269 1.863 sec 0
270 1.881 sec 0
271 1.886 sec 0
272 1.891 sec 0
273 1.864 sec 0
274 1.872 sec 0
275 1.857 sec 0
276 1.861 sec 0
277 1.814 sec 0
278 1.821 sec 0
279 1.850 sec 0
280 1.869 sec 0
281 1.855 sec 0
282 1.861 sec 0
283 1.872 sec 0
284 1.870 sec 0
285 1.863 sec 0
286 1.932 sec 0
287 1.855 sec 0
288 1.863 sec 0
289 1.865 sec 0
290 1.838 sec 0
291 1.859 sec 0
292 1.875 sec 0
293 1.850 sec 0
294 1.971 sec 0
295 1.853 sec 0
296 1.881 sec 0
297 1.832 sec 0
298 1.891 sec 0
299 1.786 sec 0
300 1.844 sec 0
301 1.833 sec 0
302 1.859 sec 0
303 1.869 sec 0
304 1.824 sec 0
305 1.860 sec 0
306 1.847 sec 0
307 1.818 sec 0
308 1.846 sec 0
309 1.863 sec 0
310 1.883 sec 0
311 1.875 sec 0
312 1.871 sec 0
313 1.777 sec 0
314 1.902 sec 0
315 1.832 sec 0
316 1.890 sec 0
317 1.862 sec 0
318 1.897 sec 0
319 1.877 sec 0
320 1.855 sec 0
321 1.967 sec 0
322 1.929 sec 0
323 1.843 sec 0
324 1.798 sec 0
325 1.839 sec 0
326 1.866 sec 0
327 1.832 sec 0
328 1.873 sec 0
329 1.858 sec 0
330 1.865 sec 0
331 1.856 sec 0
332 1.897 sec 0
333 1.868 sec 0
334 1.871 sec 0
335 1.865 sec 0
336 1.848 sec 0
337 1.840 sec 0
338 1.859 sec 0
339 1.841 sec 0
340 1.869 sec 0
341 1.881 sec 0
342 1.862 sec 0
343 1.852 sec 0
344 1.896 sec 0
345 1.837 sec 0
346 1.864 sec 0
347 1.852 sec 0
348 1.868 sec 0
349 1.846 sec 0
350 1.827 sec 0
351 1.822 sec 0
352 1.886 sec 0
353 1.840 sec 0
354 1.867 sec 0
355 1.899 sec 0
356 1.850 sec 0
357 1.859 sec 0
358 1.867 sec 0
359 1.876 sec 0
360 1.883 sec 0
361 1.869 sec 0
362 2.007 sec 0
363 1.875 sec 0
364 1.826 sec 0
365 1.785 sec 0
366 1.838 sec 0
367 1.863 sec 0
368 1.899 sec 0
369 1.927 sec 0
370 1.832 sec 0
371 1.856 sec 0
372 1.897 sec 0
373 1.884 sec 0
374 1.882 sec 0
375 1.837 sec 0
376 1.822 sec 0
377 1.856 sec 0
378 1.860 sec 0
379 1.845 sec 0
380 1.910 sec 0
381 1.840 sec 0
382 1.947 sec 0
383 1.853 sec 0
384 1.881 sec 0
385 1.873 sec 0
386 1.846 sec 0
387 1.862 sec 0
388 1.903 sec 0
389 1.857 sec 0
390 1.837 sec 0
391 1.867 sec 0
392 1.806 sec 0
393 1.869 sec 0
394 1.900 sec 0
395 1.886 sec 0
396 1.803 sec 0
397 1.792 sec 0
398 1.818 sec 0
399 1.848 sec 0
400 1.889 sec 0
