1 12.6539
2 13.2239
3 13.2826
4 12.8279
5 12.71
6 12.8142
7 12.219
8 12.2471
9 12.6118
10 13.3681
11 12.9872
12 12.6102
13 14.8097
14 14.444
15 14.214
16 14.7848
17 14.592
18 17.2121
19 15.3497
20 13.3561
21 17.2075
22 15.4258
23 15.9036
24 16.3577
25 16.6679
26 16.8581
27 16.6692
28 17.5036
29 17.3341
30 17.3144
31 17.8606
32 18.2189
33 17.9242
34 18.5429
35 18.3396
36 18.6614
37 17.7222
38 19.1342
39 18.9785
40 19.2059
41 19.1748
42 21.3124
43 21.2461
44 23.0935
45 21.3695
46 21.4377
47 23.0247
48 21.4667
49 19.8185
50 21.0153
51 20.871
52 20.406
53 21.072
54 21.842
55 20.5865
56 19.6384
57 19.4226
58 19.8203
59 21.1776
60 20.5272
61 21.0153
62 19.42
63 20.7505
64 19.968
65 19.5499
66 19.3641
67 19.3019
68 19.6232
69 19.6067
70 18.9369
71 18.7473
72 18.9969
73 18.8622
74 19.4258
75 20.8404
76 21.3232
77 21.5823
78 23.7834
79 23.0105
80 24.2439
81 22.5828
82 21.8365
83 21.4571
84 21.0762
85 19.8066
86 21.4446
87 21.2762
88 21.1041
89 20.5911
90 20.893
91 20.7574
92 20.5838
93 19.4744
94 20.8721
95 20.3305
96 19.9655
97 19.42
98 19.4059
99 19.3443
100 19.378
101 18.6686
102 18.7052
103 19.5736
104 19.7899
105 19.5055
106 19.6991
107 19.5286
108 19.5612
109 19.836
110 20.0506
111 18.9134
112 20.1385
113 19.9186
114 20.5138
115 20.2157
116 20.3751
117 20.6393
118 19.4048
119 19.9619
120 20.1006
121 20.2634
122 20.3806
123 20.4514
124 20.1776
125 19.3301
126 22.1032
127 21.2801
128 20.7726
129 20.8756
130 20.9225
131 21.2046
132 20.9405
133 19.9362
134 22.3681
135 21.6216
136 21.1945
137 20.7498
138 20.861
139 20.3328
140 20.3781
141 19.4218
142 20.2436
143 20.2963
144 20.154
145 19.4515
146 19.3843
147 19.4798
148 19.3239
149 18.209
150 19.5247
151 18.2761
152 19.3267
153 18.8348
154 18.9864
155 18.717
156 18.4255
157 18.7713
158 18.0841
159 18.2592
160 17.9948
161 17.6728
162 17.8835
163 18.026
164 17.7536
165 17.5655
166 17.7219
167 17.7437
168 18.1424
169 18.7518
170 18.9205
171 18.9825
172 19.4195
173 18.9318
174 18.9598
175 18.8117
176 19.0236
177 18.7529
178 18.7548
179 18.9354
180 18.637
181 18.549
182 17.9605
183 17.7277
184 18.0434
185 18.0631
186 18.4229
187 18.2832
188 18.5967
189 19.3088
190 19.099
191 18.5045
192 18.9053
193 19.618
194 19.3055
195 19.5741
196 19.1327
197 18.1417
198 19.161
199 19.1707
200 19.4717
201 18.4803
202 20.1116
203 19.9216
204 19.951
205 19.8832
206 19.3725
207 19.9804
208 19.7125
209 19.8262
210 20.0151
211 19.9285
212 19.8245
213 19.3331
214 19.6687
215 19.6654
216 19.781
217 19.6581
218 19.8107
219 19.7444
220 19.2288
221 18.9394
222 19.7717
223 19.7015
224 19.6821
225 19.7528
226 19.8701
227 19.8204
228 19.3351
229 19.9073
230 19.6911
231 20.6986
232 21.3377
233 20.7322
234 20.8742
235 20.8082
236 20.3306
237 19.7013
238 21.0104
239 20.5556
240 20.9385
241 20.307
242 20.3933
243 20.4319
244 20.1248
245 19.3385
246 20.6033
247 20.6112
248 21.041
249 19.9279
250 20.005
251 19.7126
252 19.4107
253 19.2956
254 19.2834
255 18.9043
256 19.1387
257 18.7538
258 18.7082
259 18.7376
260 18.7105
261 18.6036
262 18.2198
263 19.6013
264 19.6647
265 19.3954
266 19.6829
267 19.2966
268 19.6894
269 19.365
270 19.6954
271 19.407
272 19.6596
273 18.5696
274 18.4935
275 18.6964
276 17.9908
277 18.0424
278 18.1864
279 18.8442
280 18.8921
281 18.3627
282 18.7382
283 18.7295
284 18.3548
285 18.596
286 20.1161
287 19.9606
288 20.4043
289 19.8237
290 20.0973
291 20.0901
292 20.4953
293 20.5738
294 20.8158
295 19.3629
296 19.5698
297 19.1549
298 19.2294
299 21.1503
300 21.3063
301 21.698
302 22.275
303 21.747
304 22.0704
305 21.6311
306 21.923
307 23.6805
308 22.7781
309 22.8029
310 22.7748
311 22.4082
312 22.8965
313 22.5227
314 22.6792
315 22.5544
316 22.09
317 21.9209
318 21.8519
319 22.7354
320 22.8639
321 22.5953
322 22.8627
323 22.7551
324 22.8809
325 22.7435
326 22.7345
327 22.4948
328 22.6375
329 22.6589
330 22.7653
331 22.5916
332 22.6118
333 22.7084
334 22.7597
335 22.6288
336 23.8809
337 23.1243
338 22.5425
339 22.5765
340 22.3773
341 22.1886
342 22.2972
343 22.4141
344 22.5751
345 22.3876
346 22.4516
347 22.9046
348 22.7395
349 22.4981
350 22.6412
351 22.534
352 21.1461
353 21.1916
354 21.5473
355 21.565
356 21.7832
357 21.554
358 21.6598
359 21.8781
360 22.3592
361 22.5312
362 22.3087
363 22.5468
364 22.4917
365 22.6769
366 23.0067
367 21.9288
368 23.3153
369 20.8609
370 19.9569
371 19.4028
372 19.7756
373 19.7075
374 20.9323
375 20.8484
376 20.9366
377 20.9933
378 20.9045
379 21.17
380 20.0471
381 20.7935
382 20.1649
383 20.2578
384 20.5792
385 21.3284
386 20.0936
387 20.1447
388 20.3662
389 20.0201
390 19.7448
391 19.1161
392 18.9845
393 19.2194
394 19.0706
395 20.0778
396 20.1239
397 19.6734
398 18.7585
399 19.9329
