1 39.1548
2 41.5172
3 41.3807
4 41.0148
5 40.6638
6 41.6006
7 42.9719
8 43.9817
9 42.0444
10 47.003
11 41.2474
12 47.099
13 45.1583
14 50.1956
15 50.1274
16 51.603
17 50.1098
18 49.6465
19 63.9553
20 47.1525
21 64.7905
22 52.5885
23 70.1603
24 60.2565
25 69.4699
26 66.2715
27 72.1717
28 70.4214
29 74.4048
30 74.6314
31 74.5625
32 75.4743
33 75.8626
34 77.5019
35 75.4278
36 77.2099
1 39.9189
2 40.9218
3 41.8191
4 42.5741
5 41.381
6 42.3067
7 43.2305
8 43.6367
9 43.0072
10 47.6747
11 42.2689
12 48.2649
13 49.7859
14 52.8368
15 52.5781
16 53.6576
17 52.1004
18 51.7071
19 65.7636
20 49.2062
21 66.8731
22 54.1091
23 71.5787
24 61.616
25 71.7506
26 72.1833
27 81.3873
28 79.9491
29 85.4718
30 84.1977
31 83.7584
32 86.4522
33 85.725
34 88.156
35 88.3143
36 90.3315
37 97.2937
38 90.4251
39 86.1232
40 89.9827
41 90.0705
42 89.7968
43 89.259
44 89.5853
45 85.8447
46 83.8905
47 82.3193
48 84.365
49 82.6408
50 82.9756
51 81.5159
52 82.7248
53 82.1977
54 83.6874
55 82.6852
56 83.9773
57 83.9707
58 84.093
59 83.1707
60 86.0945
61 86.5083
62 86.1595
63 86.329
64 90.5519
65 86.1593
66 87.3243
67 89.1059
68 89.6334
69 88.4592
70 87.8053
71 86.18
72 86.2848
73 85.8119
74 87.7387
75 86.5886
76 87.6014
77 87.6262
78 87.983
79 86.5514
80 86.6559
81 86.6923
82 87.7442
83 86.2353
84 86.1271
85 84.8691
86 85.1796
87 86.164
88 83.7641
89 85.1058
90 85.3298
91 85.2034
92 88.1406
93 84.0213
94 84.4754
95 84.2296
96 84.4528
97 83.8973
98 83.9749
99 84.4952
100 83.6618
101 82.8753
102 81.7228
103 82.4585
104 82.5448
105 82.4598
106 82.3468
107 83.1044
108 83.7863
109 82.9614
110 84.4602
111 84.0404
112 84.1101
113 84.0381
114 84.1955
115 84.3114
116 86.8417
117 85.9542
118 85.1903
119 86.2013
120 85.4142
121 85.4702
122 86.4617
123 85.6448
124 85.4266
125 84.7801
126 85.4388
127 85.0555
128 85.2874
129 85.0227
130 86.0276
131 86.026
132 85.9002
133 84.242
134 84.301
135 85.7059
136 85.5863
137 85.6778
138 85.6209
139 87.6881
140 84.2298
141 86.5819
142 83.8417
143 85.4574
144 84.0895
145 83.5926
146 84.0257
147 83.4058
148 83.0758
149 81.856
150 84.2537
151 79.6934
152 82.3439
153 83.4218
154 87.7983
155 81.8471
156 81.9986
157 81.7421
158 83.0224
159 82.1403
160 83.6214
161 83.2221
162 82.485
163 81.8299
164 83.514
165 81.9775
166 81.7859
167 83.8745
168 82.8582
169 82.0831
170 85.7678
171 82.1578
172 84.2248
173 83.7798
174 84.1839
175 83.4136
176 84.416
177 83.1104
178 82.2514
179 82.6035
180 84.6197
181 85.8852
182 87.091
183 91.6282
184 86.8846
185 84.5202
186 85.2956
187 83.8916
188 83.3203
189 82.3321
190 82.5611
191 82.0959
192 82.8696
193 81.4104
194 81.8499
195 82.1014
196 84.9306
197 85.4682
198 83.498
199 81.5098
200 82.0371
201 82.2359
202 81.9827
203 82.2666
204 82.0759
205 82.557
206 82.4643
207 83.698
208 84.0919
209 82.4104
210 83.0933
211 82.6581
212 84.5239
213 82.399
214 83.5994
215 85.7375
216 85.7254
217 86.0351
218 84.9429
219 84.4435
220 86.0847
221 84.9346
222 85.1057
223 84.7828
224 84.9063
225 84.1898
226 85.5633
227 83.7196
228 84.6966
229 83.6704
230 84.7965
231 85.0725
232 87.4477
233 85.0049
234 84.944
235 84.1682
236 84.9131
237 83.7868
238 84.2658
239 86.5702
240 84.479
241 83.8824
242 84.3172
243 84.8472
244 83.0705
245 83.3931
246 84.0637
247 84.0589
248 83.9384
249 83.8997
250 84.8665
251 84.4745
252 85.9611
253 85.5083
254 84.7465
255 84.1944
256 84.869
257 85.4561
258 87.2053
259 86.9618
260 88.4818
261 85.5715
262 85.1931
263 85.9212
264 87.0793
265 86.6528
266 86.5756
267 86.1261
268 86.2482
269 85.9932
270 86.9626
271 87.3913
272 86.8883
273 87.1355
274 89.6789
275 88.4461
276 87.9382
277 88.3717
278 88.5957
279 88.0984
280 87.3199
281 87.5694
282 88.8434
283 87.5407
284 86.5416
285 86.2337
286 90.985
287 86.2297
288 87.2187
289 86.4171
290 90.7618
291 86.9668
292 88.0864
293 87.7657
294 89.706
295 87.439
296 89.3056
297 87.6958
298 88.206
299 87.7795
300 90.0499
301 85.886
302 86.2751
303 85.3359
304 86.8
305 86.3151
306 85.5668
307 85.2777
308 87.152
309 86.4726
310 86.4499
311 86.4627
312 84.5355
313 85.8193
314 86.8216
315 85.7536
316 86.2764
317 86.0711
318 87.236
319 86.8181
320 90.1979
321 85.9671
322 87.1606
323 84.7093
324 86.4525
325 85.7199
326 86.2476
327 87.7156
328 90.2546
329 89.5585
330 87.855
331 88.323
332 89.6761
333 89.6909
334 89.187
335 90.0097
336 89.7169
337 89.632
338 89.679
339 88.0433
340 90.2459
341 88.8836
342 88.2159
343 86.9586
344 86.2429
345 86.0998
346 85.1123
347 84.0432
348 83.9018
349 83.4477
350 84.7203
351 82.7694
352 83.7459
353 84.7254
354 86.5177
355 85.3491
356 87.3748
357 86.2475
358 88.8034
359 87.1404
360 88.5219
361 91.5164
362 89.2611
363 88.6097
364 89.1005
365 88.9178
366 88.0872
367 87.6498
368 86.2106
369 85.2226
370 83.7151
371 82.8244
372 83.3511
373 82.6983
374 81.9388
375 81.6452
376 82.5227
377 80.6798
378 81.5524
379 81.5512
380 81.679
381 81.0647
382 83.582
383 81.1303
384 82.1756
385 80.8107
386 82.7609
387 81.8992
388 83.6176
389 80.733
390 82.6465
391 82.3937
392 82.3197
393 83.353
394 83.9252
395 82.4378
396 83.2636
397 83.0232
398 83.1853
399 82.7654
