1 586.92 msec 0
2 655.64 msec 0
3 573.33 msec 0
4 550.65 msec 0
5 574.58 msec 0
6 568.66 msec 0
7 556.76 msec 0
8 576.50 msec 0
9 598.02 msec 0
10 574.25 msec 0
11 561.30 msec 0
12 560.93 msec 0
13 547.85 msec 0
14 620.62 msec 0
15 564.08 msec 0
16 680.98 msec 0
17 610.23 msec 0
18 579.78 msec 0
19 572.56 msec 0
20 613.10 msec 0
21 624.28 msec 0
22 554.87 msec 0
23 568.62 msec 0
24 574.77 msec 0
25 570.41 msec 0
26 569.32 msec 0
27 576.03 msec 0
28 559.94 msec 0
29 563.08 msec 0
30 569.72 msec 0
31 570.54 msec 0
32 547.69 msec 0
33 557.49 msec 0
34 560.08 msec 0
35 607.55 msec 0
36 570.53 msec 0
37 559.96 msec 0
38 574.67 msec 0
39 560.04 msec 0
40 562.85 msec 0
41 552.83 msec 0
42 576.71 msec 0
43 620.57 msec 0
44 640.89 msec 0
45 631.08 msec 0
46 564.70 msec 0
47 569.19 msec 0
48 589.06 msec 0
49 573.28 msec 0
50 578.33 msec 0
51 580.72 msec 0
52 605.73 msec 0
53 563.18 msec 0
54 570.51 msec 0
55 630.03 msec 0
56 561.98 msec 0
57 561.48 msec 0
58 578.96 msec 0
59 590.24 msec 0
60 738.85 msec 0
61 859.07 msec 0
62 550.94 msec 0
63 561.92 msec 0
64 561.79 msec 0
65 564.06 msec 0
66 570.53 msec 0
67 556.43 msec 0
68 566.14 msec 0
69 554.85 msec 0
70 561.20 msec 0
71 574.53 msec 0
72 565.14 msec 0
73 564.40 msec 0
74 553.44 msec 0
75 551.96 msec 0
76 561.24 msec 0
77 594.41 msec 0
78 873.85 msec 0
79 898.88 msec 0
80 862.01 msec 0
81 952.36 msec 0
82 576.33 msec 0
83 667.04 msec 0
84 568.88 msec 0
85 566.45 msec 0
86 570.67 msec 0
87 555.39 msec 0
88 561.39 msec 0
89 569.60 msec 0
90 550.35 msec 0
91 569.78 msec 0
92 561.50 msec 0
93 553.63 msec 0
94 564.41 msec 0
95 556.51 msec 0
96 564.26 msec 0
97 569.72 msec 0
98 570.93 msec 0
99 571.64 msec 0
100 565.94 msec 0
101 574.97 msec 0
102 550.52 msec 0
103 562.32 msec 0
104 580.64 msec 0
105 567.85 msec 0
106 562.79 msec 0
107 559.29 msec 0
108 555.96 msec 0
109 568.00 msec 0
110 564.24 msec 0
111 556.04 msec 0
112 568.95 msec 0
113 553.91 msec 0
114 565.36 msec 0
115 560.40 msec 0
116 570.80 msec 0
117 578.11 msec 0
118 584.93 msec 0
119 569.61 msec 0
120 556.01 msec 0
121 565.57 msec 0
122 570.23 msec 0
123 564.50 msec 0
124 562.33 msec 0
125 571.29 msec 0
126 573.56 msec 0
127 603.23 msec 0
128 563.95 msec 0
129 590.40 msec 0
130 578.40 msec 0
131 559.89 msec 0
132 572.46 msec 0
133 561.23 msec 0
134 558.92 msec 0
135 567.17 msec 0
136 562.03 msec 0
137 556.64 msec 0
138 571.51 msec 0
139 565.06 msec 0
140 554.55 msec 0
141 565.23 msec 0
142 554.71 msec 0
143 556.35 msec 0
144 561.80 msec 0
145 564.78 msec 0
146 555.97 msec 0
147 564.94 msec 0
148 561.98 msec 0
149 549.38 msec 0
150 567.12 msec 0
151 577.47 msec 0
152 551.14 msec 0
153 567.93 msec 0
154 559.12 msec 0
155 561.06 msec 0
156 563.20 msec 0
157 557.68 msec 0
158 561.02 msec 0
159 554.54 msec 0
160 557.69 msec 0
161 570.34 msec 0
162 570.11 msec 0
163 568.63 msec 0
164 567.47 msec 0
165 581.83 msec 0
166 567.58 msec 0
167 570.89 msec 0
168 572.46 msec 0
169 556.96 msec 0
170 552.23 msec 0
171 562.66 msec 0
172 552.53 msec 0
173 558.20 msec 0
174 570.98 msec 0
175 563.79 msec 0
176 568.26 msec 0
177 554.03 msec 0
178 626.27 msec 0
179 574.67 msec 0
180 550.92 msec 0
181 557.91 msec 0
182 553.95 msec 0
183 552.74 msec 0
184 578.71 msec 0
185 563.42 msec 0
186 566.57 msec 0
187 558.72 msec 0
188 555.04 msec 0
189 576.75 msec 0
190 573.96 msec 0
191 575.44 msec 0
192 566.27 msec 0
193 569.61 msec 0
194 549.56 msec 0
195 546.41 msec 0
196 564.44 msec 0
197 565.73 msec 0
198 562.62 msec 0
199 573.64 msec 0
200 560.47 msec 0
201 554.08 msec 0
202 576.93 msec 0
203 559.32 msec 0
204 564.69 msec 0
205 545.42 msec 0
206 557.67 msec 0
207 552.84 msec 0
208 566.00 msec 0
209 561.30 msec 0
210 580.66 msec 0
211 558.14 msec 0
212 556.99 msec 0
213 549.29 msec 0
214 559.11 msec 0
215 554.49 msec 0
216 567.67 msec 0
217 559.15 msec 0
218 568.46 msec 0
219 566.92 msec 0
220 555.23 msec 0
221 545.81 msec 0
222 564.24 msec 0
223 549.78 msec 0
224 588.74 msec 0
225 570.10 msec 0
226 566.43 msec 0
227 558.35 msec 0
228 565.05 msec 0
229 566.14 msec 0
230 573.74 msec 0
231 562.95 msec 0
232 582.81 msec 0
233 555.57 msec 0
234 556.83 msec 0
235 558.88 msec 0
236 581.48 msec 0
237 569.79 msec 0
238 564.16 msec 0
239 566.02 msec 0
240 561.89 msec 0
241 559.86 msec 0
242 560.61 msec 0
243 549.34 msec 0
244 566.38 msec 0
245 555.17 msec 0
246 558.52 msec 0
247 554.76 msec 0
248 558.15 msec 0
249 594.28 msec 0
250 562.05 msec 0
251 556.69 msec 0
252 560.33 msec 0
253 574.59 msec 0
254 565.73 msec 0
255 563.39 msec 0
256 545.16 msec 0
257 571.45 msec 0
258 575.43 msec 0
259 567.92 msec 0
260 564.12 msec 0
261 554.76 msec 0
262 553.75 msec 0
263 555.54 msec 0
264 561.45 msec 0
265 559.27 msec 0
266 564.70 msec 0
267 553.51 msec 0
268 570.25 msec 0
269 581.32 msec 0
270 562.03 msec 0
271 570.81 msec 0
272 550.71 msec 0
273 558.83 msec 0
274 554.97 msec 0
275 556.93 msec 0
276 564.99 msec 0
277 556.36 msec 0
278 555.58 msec 0
279 575.39 msec 0
280 570.24 msec 0
281 571.99 msec 0
282 565.16 msec 0
283 549.66 msec 0
284 561.49 msec 0
285 559.65 msec 0
286 559.13 msec 0
287 562.05 msec 0
288 562.24 msec 0
289 562.35 msec 0
290 567.39 msec 0
291 560.30 msec 0
292 553.14 msec 0
293 556.56 msec 0
294 562.21 msec 0
295 552.14 msec 0
296 563.98 msec 0
297 549.81 msec 0
298 559.16 msec 0
299 564.01 msec 0
300 814.43 msec 0
301 735.29 msec 0
302 872.26 msec 0
303 853.72 msec 0
304 884.21 msec 0
305 880.32 msec 0
306 857.33 msec 0
307 857.96 msec 0
308 929.43 msec 0
309 876.59 msec 0
310 859.47 msec 0
311 866.71 msec 0
312 858.23 msec 0
313 895.94 msec 0
314 862.86 msec 0
315 869.54 msec 0
316 855.18 msec 0
317 857.20 msec 0
318 882.18 msec 0
319 864.29 msec 0
320 880.22 msec 0
321 880.44 msec 0
322 884.42 msec 0
323 873.32 msec 0
324 862.70 msec 0
325 884.04 msec 0
326 971.46 msec 0
327 872.56 msec 0
328 881.36 msec 0
329 859.37 msec 0
330 870.51 msec 0
331 867.26 msec 0
332 855.17 msec 0
333 858.79 msec 0
334 850.23 msec 0
335 873.63 msec 0
336 887.23 msec 0
337 1.166 sec 0
338 872.25 msec 0
339 936.34 msec 0
340 862.06 msec 0
341 865.71 msec 0
342 865.27 msec 0
343 864.16 msec 0
344 863.99 msec 0
345 864.76 msec 0
346 877.91 msec 0
347 859.68 msec 0
348 883.18 msec 0
349 872.67 msec 0
350 903.41 msec 0
351 868.26 msec 0
352 869.36 msec 0
353 884.31 msec 0
354 867.78 msec 0
355 859.30 msec 0
356 870.11 msec 0
357 862.48 msec 0
358 875.06 msec 0
359 873.87 msec 0
360 874.18 msec 0
361 861.54 msec 0
362 866.63 msec 0
363 896.60 msec 0
364 859.33 msec 0
365 873.54 msec 0
366 876.74 msec 0
367 892.96 msec 0
368 862.93 msec 0
369 879.55 msec 0
370 557.47 msec 0
371 554.11 msec 0
372 559.80 msec 0
373 570.51 msec 0
374 560.69 msec 0
375 552.58 msec 0
376 568.72 msec 0
377 558.72 msec 0
378 576.16 msec 0
379 569.22 msec 0
380 565.58 msec 0
381 564.15 msec 0
382 561.74 msec 0
383 554.79 msec 0
384 562.68 msec 0
385 567.51 msec 0
386 548.64 msec 0
387 569.77 msec 0
388 566.06 msec 0
389 568.07 msec 0
390 554.00 msec 0
391 568.83 msec 0
392 552.92 msec 0
393 553.32 msec 0
394 573.91 msec 0
395 555.69 msec 0
396 565.27 msec 0
397 550.79 msec 0
398 562.93 msec 0
399 565.87 msec 0
400 575.25 msec 0
