0 0.0124196
1 9.97869e+10
2 1.75486e+11
3 7.50367e+10
4 4.80161e+10
5 6.13114e+10
6 3.05475e+10
7 3.28378e+10
8 2.31611e+10
9 2.30193e+10
10 1.84519e+10
11 1.16889e+10
12 9.69594e+09
13 8.50891e+09
14 5.56702e+09
15 4.91004e+09
16 4.81392e+09
17 4.01406e+09
18 3.0854e+09
19 3.48394e+09
20 2.82088e+09
21 2.39131e+09
22 2.24891e+09
23 2.0265e+09
24 1.79193e+09
25 1.67138e+09
26 1.44286e+09
27 1.24211e+09
28 1.1257e+09
29 9.94163e+08
30 8.72888e+08
31 8.43116e+08
32 7.8243e+08
33 7.48984e+08
34 7.46673e+08
35 7.21633e+08
36 6.68038e+08
37 6.57185e+08
38 6.32026e+08
39 5.87027e+08
40 5.64822e+08
41 5.44069e+08
42 5.20901e+08
43 5.16614e+08
44 5.09046e+08
45 4.87665e+08
46 4.84704e+08
47 4.68958e+08
48 4.49036e+08
49 4.42734e+08
50 4.31736e+08
51 4.18274e+08
52 4.14526e+08
53 4.11968e+08
54 4.0538e+08
55 4.04683e+08
56 4.00026e+08
57 3.94693e+08
58 3.92009e+08
59 3.88525e+08
60 3.85771e+08
61 3.86891e+08
62 3.8566e+08
63 3.88048e+08
