0 2.23225e-06
1 7.13833e+08
2 1.76035e+09
3 4.8914e+08
4 3.21481e+08
5 3.26983e+08
6 3.88113e+08
7 3.14603e+08
8 1.17433e+08
9 1.58419e+08
10 1.72352e+08
11 7.56451e+07
12 7.32271e+07
13 7.44151e+07
14 4.55657e+07
15 4.35264e+07
16 4.90256e+07
17 3.18705e+07
18 3.17796e+07
19 3.11725e+07
20 2.45791e+07
21 2.23926e+07
22 2.28387e+07
23 1.88604e+07
24 1.76125e+07
25 1.85165e+07
26 1.68045e+07
27 1.58642e+07
28 1.57954e+07
29 1.56557e+07
30 1.43011e+07
31 1.46534e+07
32 1.3951e+07
33 1.30748e+07
34 1.26677e+07
35 1.24554e+07
36 1.15271e+07
37 1.11251e+07
38 1.12712e+07
39 1.03704e+07
40 1.00738e+07
41 1.00357e+07
42 9.28323e+06
43 9.18356e+06
44 8.88321e+06
45 8.56503e+06
46 8.31088e+06
47 8.23417e+06
48 8.01435e+06
49 7.8794e+06
50 7.8317e+06
51 7.61596e+06
52 7.44323e+06
53 7.5349e+06
54 7.20714e+06
55 7.32151e+06
56 7.17831e+06
57 7.10459e+06
58 7.10572e+06
59 7.05775e+06
60 6.99226e+06
61 6.96686e+06
62 6.96937e+06
63 6.98898e+06
