0 0.0115357
1 4.60242e+11
2 9.23957e+11
3 8.30248e+11
4 6.62736e+11
5 2.79593e+11
6 2.98748e+11
7 3.68738e+11
8 2.43778e+11
9 1.96494e+11
10 1.14991e+11
11 8.67553e+10
12 7.01858e+10
13 6.85008e+10
14 7.33652e+10
15 6.17315e+10
16 6.50563e+10
17 5.48928e+10
18 4.02694e+10
19 3.95312e+10
20 2.68812e+10
21 2.59357e+10
22 2.08188e+10
23 1.90727e+10
24 1.6637e+10
25 1.41373e+10
26 1.39045e+10
27 1.07532e+10
28 9.84614e+09
29 9.68681e+09
30 7.50733e+09
31 7.90381e+09
32 6.80001e+09
33 6.40377e+09
34 6.12681e+09
35 5.54265e+09
36 4.81971e+09
37 4.60448e+09
38 4.32143e+09
39 3.70845e+09
40 3.53325e+09
41 3.29138e+09
42 2.98994e+09
43 2.9961e+09
44 2.76195e+09
45 2.53515e+09
46 2.36464e+09
47 2.16476e+09
48 1.90112e+09
49 1.95375e+09
50 1.80934e+09
51 1.68814e+09
52 1.64293e+09
53 1.63272e+09
54 1.54271e+09
55 1.53945e+09
56 1.41785e+09
57 1.32382e+09
58 1.31332e+09
59 1.25048e+09
60 1.21798e+09
61 1.20767e+09
62 1.12514e+09
63 1.09665e+09
64 1.07725e+09
65 1.01582e+09
66 1.04416e+09
67 9.76423e+08
68 9.65251e+08
69 9.62284e+08
70 8.86441e+08
71 9.26336e+08
72 8.72449e+08
73 8.6823e+08
74 8.77724e+08
75 8.15418e+08
76 8.40984e+08
77 7.95706e+08
78 8.14929e+08
79 7.86789e+08
80 7.78296e+08
81 7.98714e+08
82 7.47357e+08
83 7.96789e+08
84 7.31335e+08
85 7.62677e+08
86 7.81995e+08
87 7.09789e+08
88 7.69668e+08
89 7.16943e+08
90 7.34088e+08
91 7.39261e+08
92 7.04356e+08
93 7.46177e+08
94 7.0227e+08
95 7.25191e+08
