0 0.0357391
1 5.57046e+10
2 2.47887e+11
3 8.63459e+10
4 3.22281e+10
5 3.83623e+10
6 2.97844e+10
7 2.40045e+10
8 1.55366e+10
9 1.19672e+10
10 9.22614e+09
11 9.31417e+09
12 7.84859e+09
13 5.93228e+09
14 5.41821e+09
15 3.52298e+09
16 2.72276e+09
17 3.21163e+09
18 2.55973e+09
19 2.44347e+09
20 1.93595e+09
21 1.84584e+09
22 1.8202e+09
23 1.39857e+09
24 1.28842e+09
25 1.34575e+09
26 1.15573e+09
27 1.03519e+09
28 9.94577e+08
29 8.98328e+08
30 8.20099e+08
31 7.88686e+08
32 7.28459e+08
33 6.40814e+08
34 6.38267e+08
35 5.88847e+08
36 5.42463e+08
37 5.1067e+08
38 5.06661e+08
39 4.61234e+08
40 4.56337e+08
41 4.24203e+08
42 4.23146e+08
43 3.95288e+08
44 3.96778e+08
45 3.63161e+08
46 3.80407e+08
47 3.42097e+08
48 3.59214e+08
49 3.30287e+08
50 3.54785e+08
51 3.14767e+08
52 3.419e+08
53 3.09043e+08
54 3.35179e+08
55 2.98481e+08
56 3.30814e+08
57 2.96422e+08
58 3.26365e+08
59 2.89353e+08
60 3.28465e+08
61 2.87892e+08
62 3.2562e+08
63 2.85585e+08
