0 0.00898708
1 4.06256e+10
2 2.61405e+11
3 3.70734e+11
4 2.75115e+11
5 1.29093e+11
6 9.20298e+10
7 8.77568e+10
8 5.39498e+10
9 4.06991e+10
10 4.46024e+10
11 4.5841e+10
12 4.09235e+10
13 3.79542e+10
14 3.08231e+10
15 2.46966e+10
16 2.05426e+10
17 1.7557e+10
18 1.49616e+10
19 1.56792e+10
20 1.47681e+10
21 1.28457e+10
22 1.18846e+10
23 1.09384e+10
24 9.70302e+09
25 8.9437e+09
26 7.916e+09
27 7.05984e+09
28 6.43955e+09
29 6.07534e+09
30 5.20137e+09
31 5.35788e+09
32 5.09132e+09
33 4.73664e+09
34 4.32296e+09
35 4.00162e+09
36 3.50246e+09
37 3.21052e+09
38 3.02586e+09
39 2.85975e+09
40 2.7334e+09
41 2.50122e+09
42 2.25017e+09
43 2.05924e+09
44 1.85437e+09
45 1.72188e+09
46 1.61492e+09
47 1.505e+09
48 1.39177e+09
49 1.32337e+09
50 1.27335e+09
51 1.22735e+09
52 1.18711e+09
53 1.13873e+09
54 1.05762e+09
55 1.03458e+09
56 1.00653e+09
57 9.8787e+08
58 9.71538e+08
59 9.44533e+08
60 9.01416e+08
61 8.5933e+08
62 8.18266e+08
63 7.87742e+08
64 7.54296e+08
65 7.36436e+08
66 7.07044e+08
67 6.90831e+08
68 6.792e+08
69 6.55241e+08
70 6.46284e+08
71 6.31914e+08
72 6.23898e+08
73 6.1351e+08
74 6.03359e+08
75 5.99468e+08
76 5.89597e+08
77 5.90661e+08
78 5.88936e+08
79 5.90552e+08
80 5.88584e+08
81 5.84301e+08
82 5.77166e+08
83 5.55656e+08
84 5.39731e+08
85 5.29793e+08
86 5.15858e+08
87 5.13039e+08
88 5.07797e+08
89 5.12513e+08
90 5.15598e+08
91 5.19615e+08
92 5.1805e+08
93 5.1455e+08
94 5.07816e+08
95 5.04847e+08
