0 0.133254
1 2.29742e+11
2 2.35929e+11
3 9.18767e+10
4 7.60827e+10
5 8.46259e+10
6 2.81182e+10
7 4.36759e+10
8 3.05415e+10
9 1.54818e+10
10 1.26013e+10
11 8.98375e+09
12 6.01449e+09
13 6.43076e+09
14 5.95265e+09
15 4.37812e+09
16 3.46927e+09
17 3.2307e+09
18 2.63668e+09
19 2.33477e+09
20 2.02554e+09
21 1.71434e+09
22 1.60562e+09
23 1.46312e+09
24 1.14557e+09
25 1.12439e+09
26 1.01328e+09
27 9.10933e+08
28 7.84863e+08
29 8.73486e+08
30 6.61505e+08
31 7.14685e+08
32 6.67242e+08
33 5.77344e+08
34 5.67468e+08
35 5.84094e+08
36 4.90053e+08
37 4.88361e+08
38 5.1254e+08
39 4.16616e+08
40 4.59835e+08
41 4.36548e+08
42 4.02325e+08
43 4.15382e+08
44 4.10897e+08
45 3.66145e+08
46 3.95539e+08
47 3.71407e+08
48 3.55258e+08
49 3.79559e+08
50 3.51689e+08
51 3.48e+08
52 3.75922e+08
53 3.36267e+08
54 3.56507e+08
55 3.58348e+08
56 3.45862e+08
57 3.44692e+08
58 3.71631e+08
59 3.25268e+08
60 3.70985e+08
61 3.52441e+08
62 3.48514e+08
63 3.62906e+08
