0 0.0160372
1 3.07303e+11
2 4.57117e+11
3 2.04596e+11
4 4.68002e+10
5 4.40281e+10
6 3.48728e+10
7 3.33542e+10
8 2.24773e+10
9 2.22224e+10
10 2.02721e+10
11 1.57047e+10
12 1.24453e+10
13 1.05086e+10
14 7.24417e+09
15 6.11182e+09
16 4.82222e+09
17 4.80999e+09
18 4.47092e+09
19 3.21898e+09
20 2.47837e+09
21 2.79277e+09
22 2.44584e+09
23 2.06613e+09
24 1.6348e+09
25 1.77073e+09
26 1.60083e+09
27 1.21334e+09
28 1.27132e+09
29 1.26111e+09
30 9.80269e+08
31 9.80907e+08
32 9.55685e+08
33 8.39535e+08
34 7.50071e+08
35 7.657e+08
36 7.45039e+08
37 6.36952e+08
38 6.08315e+08
39 6.57824e+08
40 6.06147e+08
41 5.17721e+08
42 5.4508e+08
43 5.67781e+08
44 4.95179e+08
45 4.64715e+08
46 4.98638e+08
47 4.80718e+08
48 4.31425e+08
49 4.32371e+08
50 4.54418e+08
51 4.22962e+08
52 4.03868e+08
53 4.12055e+08
54 4.19777e+08
55 3.87209e+08
56 3.86985e+08
57 3.94371e+08
58 4.05542e+08
59 3.73247e+08
60 3.87827e+08
61 3.90791e+08
62 3.99179e+08
63 3.68651e+08
