0 1.49317
1 3.46382e+10
2 7.79756e+10
3 8.37487e+10
4 6.11037e+10
5 4.76424e+10
6 3.16726e+10
7 2.51447e+10
8 1.84265e+10
9 1.38063e+10
10 9.8225e+09
11 7.80828e+09
12 6.54604e+09
13 6.4191e+09
14 5.12071e+09
15 4.23861e+09
16 3.50703e+09
17 3.46182e+09
18 3.60318e+09
19 3.65935e+09
20 3.15503e+09
21 2.79518e+09
22 2.48241e+09
23 2.21106e+09
24 1.87766e+09
25 1.75068e+09
26 1.57769e+09
27 1.49186e+09
28 1.37689e+09
29 1.37277e+09
30 1.26144e+09
31 1.19137e+09
32 1.1051e+09
33 1.01592e+09
34 9.32981e+08
35 8.21526e+08
36 7.45298e+08
37 7.1253e+08
38 6.97687e+08
39 6.91141e+08
40 6.56266e+08
41 6.30704e+08
42 6.06169e+08
43 5.90076e+08
44 5.50958e+08
45 5.19616e+08
46 4.86747e+08
47 4.7215e+08
48 4.58268e+08
49 4.48845e+08
50 4.39507e+08
51 4.30202e+08
52 4.12734e+08
53 4.02241e+08
54 3.94855e+08
55 3.93611e+08
56 3.86931e+08
57 3.85166e+08
58 3.77309e+08
59 3.71169e+08
60 3.68713e+08
61 3.70519e+08
62 3.74267e+08
63 3.77609e+08
