0 0.213566
1 5.92859e+11
2 1.9792e+12
3 6.37501e+11
4 8.87416e+11
5 1.5883e+12
6 5.43103e+11
7 4.2318e+11
8 6.03533e+11
9 2.34444e+11
10 2.11095e+11
11 1.89092e+11
12 1.2419e+11
13 1.31479e+11
14 1.12164e+11
15 8.10741e+10
16 6.30454e+10
17 5.26159e+10
18 4.56652e+10
19 4.41989e+10
20 4.53181e+10
21 3.83053e+10
22 3.17804e+10
23 3.12175e+10
24 2.608e+10
25 2.53287e+10
26 2.44507e+10
27 1.95984e+10
28 1.54547e+10
29 1.43224e+10
30 1.17829e+10
31 1.14236e+10
32 1.05674e+10
33 9.84179e+09
34 8.70816e+09
35 8.50978e+09
36 7.6892e+09
37 7.23928e+09
38 6.72297e+09
39 6.20445e+09
40 5.47186e+09
41 5.31972e+09
42 4.76065e+09
43 4.63095e+09
44 4.29724e+09
45 4.04958e+09
46 3.85246e+09
47 3.79243e+09
48 3.496e+09
49 3.4695e+09
50 3.24609e+09
51 3.14091e+09
52 2.91807e+09
53 2.86374e+09
54 2.67024e+09
55 2.63133e+09
56 2.55204e+09
57 2.45584e+09
58 2.38176e+09
59 2.34299e+09
60 2.21731e+09
61 2.18667e+09
62 2.12815e+09
63 2.0683e+09
64 2.00609e+09
65 1.98452e+09
66 1.93562e+09
67 1.89518e+09
68 1.86158e+09
69 1.83301e+09
70 1.82424e+09
71 1.77004e+09
72 1.78878e+09
73 1.75437e+09
74 1.736e+09
75 1.6949e+09
76 1.72401e+09
77 1.67072e+09
78 1.68426e+09
79 1.64194e+09
80 1.65351e+09
81 1.61676e+09
82 1.64087e+09
83 1.59369e+09
84 1.63161e+09
85 1.58602e+09
86 1.61914e+09
87 1.57023e+09
88 1.61957e+09
89 1.56307e+09
90 1.6088e+09
91 1.56903e+09
92 1.60632e+09
93 1.55912e+09
94 1.61272e+09
95 1.56928e+09
