0 0.012625
1 2.51802e+09
2 1.26159e+11
3 1.69142e+11
4 7.0728e+10
5 6.6242e+10
6 2.93127e+10
7 2.56676e+10
8 1.64623e+10
9 2.1333e+10
10 1.43783e+10
11 1.25331e+10
12 1.12061e+10
13 1.17459e+10
14 8.29107e+09
15 7.37399e+09
16 6.39994e+09
17 5.49482e+09
18 4.27266e+09
19 4.18284e+09
20 3.40532e+09
21 2.75783e+09
22 2.40023e+09
23 2.26439e+09
24 1.78082e+09
25 1.84442e+09
26 1.57966e+09
27 1.48766e+09
28 1.23612e+09
29 1.20095e+09
30 9.36298e+08
31 9.41589e+08
32 8.41418e+08
33 7.7568e+08
34 6.57787e+08
35 6.41697e+08
36 5.59593e+08
37 5.42048e+08
38 5.04388e+08
39 4.51732e+08
40 4.31789e+08
41 4.04269e+08
42 3.73279e+08
43 3.45033e+08
44 3.43537e+08
45 3.22062e+08
46 3.19384e+08
47 2.97883e+08
48 2.98452e+08
49 2.79319e+08
50 2.8624e+08
51 2.60477e+08
52 2.61373e+08
53 2.52159e+08
54 2.5683e+08
55 2.47825e+08
56 2.62967e+08
57 2.43589e+08
58 2.55786e+08
59 2.41077e+08
60 2.51234e+08
61 2.36289e+08
62 2.4496e+08
63 2.34906e+08
