0 0.0321053
1 7.27066e+11
2 1.14316e+12
3 5.50775e+11
4 5.1777e+11
5 5.58348e+11
6 4.74345e+11
7 2.91231e+11
8 2.20507e+11
9 1.85536e+11
10 1.42875e+11
11 1.5057e+11
12 9.94805e+10
13 9.70781e+10
14 7.20848e+10
15 6.4641e+10
16 5.70104e+10
17 5.12162e+10
18 5.04449e+10
19 4.5692e+10
20 3.42874e+10
21 2.9072e+10
22 2.77055e+10
23 2.50677e+10
24 1.99635e+10
25 1.80677e+10
26 1.38531e+10
27 1.37052e+10
28 1.33026e+10
29 1.12712e+10
30 1.08047e+10
31 9.80159e+09
32 9.48312e+09
33 7.69827e+09
34 7.89917e+09
35 6.86464e+09
36 6.00169e+09
37 6.25046e+09
38 5.33608e+09
39 5.22852e+09
40 4.97817e+09
41 4.58443e+09
42 4.64246e+09
43 4.40574e+09
44 4.08442e+09
45 3.71895e+09
46 3.62234e+09
47 3.43212e+09
48 3.23253e+09
49 3.1864e+09
50 2.9847e+09
51 2.72866e+09
52 2.77102e+09
53 2.48682e+09
54 2.51949e+09
55 2.38969e+09
56 2.4325e+09
57 2.23402e+09
58 2.26493e+09
59 2.18045e+09
60 2.09767e+09
61 2.10866e+09
62 2.00201e+09
63 2.01894e+09
64 1.93674e+09
65 1.90798e+09
66 1.85404e+09
67 1.82456e+09
68 1.79448e+09
69 1.74777e+09
70 1.72875e+09
71 1.67306e+09
72 1.64526e+09
73 1.61183e+09
74 1.60367e+09
75 1.54238e+09
76 1.54576e+09
77 1.49022e+09
78 1.49184e+09
79 1.43929e+09
80 1.47722e+09
81 1.41246e+09
82 1.44215e+09
83 1.38753e+09
84 1.4152e+09
85 1.3709e+09
86 1.39191e+09
87 1.35634e+09
88 1.37874e+09
89 1.33523e+09
90 1.36464e+09
91 1.31712e+09
92 1.35444e+09
93 1.31244e+09
94 1.35727e+09
95 1.32302e+09
