0 0.067068
1 7.14601e+11
2 2.01426e+12
3 8.73864e+11
4 3.7002e+11
5 3.99054e+11
6 2.24375e+11
7 1.86182e+11
8 1.86197e+11
9 1.6773e+11
10 1.46109e+11
11 1.2739e+11
12 1.11143e+11
13 9.29938e+10
14 7.28792e+10
15 7.31778e+10
16 5.31995e+10
17 4.97819e+10
18 4.59249e+10
19 4.01266e+10
20 3.20094e+10
21 2.81573e+10
22 2.64225e+10
23 2.46195e+10
24 1.85924e+10
25 1.87021e+10
26 1.65009e+10
27 1.57083e+10
28 1.37866e+10
29 1.33007e+10
30 1.17828e+10
31 9.69706e+09
32 1.05531e+10
33 9.16486e+09
34 7.93697e+09
35 7.99627e+09
36 7.40191e+09
37 6.63518e+09
38 5.5399e+09
39 5.61249e+09
40 5.02973e+09
41 4.37427e+09
42 4.31355e+09
43 3.86668e+09
44 3.46498e+09
45 3.2128e+09
46 3.14482e+09
47 2.91376e+09
48 2.64716e+09
49 2.63474e+09
50 2.4992e+09
51 2.39176e+09
52 2.22383e+09
53 2.14381e+09
54 2.0395e+09
55 1.93311e+09
56 1.9012e+09
57 1.85374e+09
58 1.73138e+09
59 1.6491e+09
60 1.59977e+09
61 1.5906e+09
62 1.46137e+09
63 1.45856e+09
64 1.41559e+09
65 1.40165e+09
66 1.30994e+09
67 1.31141e+09
68 1.27595e+09
69 1.23665e+09
70 1.21862e+09
71 1.20256e+09
72 1.16089e+09
73 1.16715e+09
74 1.12662e+09
75 1.12457e+09
76 1.09226e+09
77 1.09231e+09
78 1.06063e+09
79 1.06081e+09
80 1.0461e+09
81 1.02957e+09
82 1.02645e+09
83 1.01979e+09
84 1.0144e+09
85 9.92998e+08
86 1.00949e+09
87 9.88598e+08
88 9.90872e+08
89 9.6902e+08
90 9.81587e+08
91 9.6535e+08
92 9.60362e+08
93 9.53657e+08
94 9.57127e+08
95 9.47059e+08
