0 3.14871
1 1.9791e+12
2 3.29174e+12
3 1.69602e+12
4 3.76771e+11
5 5.58617e+11
6 4.5918e+11
7 2.28439e+11
8 2.07005e+11
9 2.43793e+11
10 1.68428e+11
11 1.48497e+11
12 1.47507e+11
13 1.09931e+11
14 6.67037e+10
15 5.85475e+10
16 6.35052e+10
17 5.07495e+10
18 3.65163e+10
19 3.93646e+10
20 3.74521e+10
21 3.19996e+10
22 2.96247e+10
23 2.54845e+10
24 1.90359e+10
25 1.78015e+10
26 1.53946e+10
27 1.53196e+10
28 1.45663e+10
29 1.28421e+10
30 1.05786e+10
31 1.07503e+10
32 1.00722e+10
33 8.60597e+09
34 7.71379e+09
35 7.7363e+09
36 6.80104e+09
37 5.7041e+09
38 5.89095e+09
39 5.8993e+09
40 4.80308e+09
41 4.60305e+09
42 4.64886e+09
43 4.05573e+09
44 3.57796e+09
45 3.75488e+09
46 3.4507e+09
47 3.17822e+09
48 3.04038e+09
49 3.14572e+09
50 2.96198e+09
51 2.73333e+09
52 2.70063e+09
53 2.65513e+09
54 2.41903e+09
55 2.43084e+09
56 2.35057e+09
57 2.19756e+09
58 2.17624e+09
59 2.18489e+09
60 2.01399e+09
61 1.95555e+09
62 2.0058e+09
63 1.90622e+09
64 1.765e+09
65 1.87499e+09
66 1.83388e+09
67 1.65791e+09
68 1.69372e+09
69 1.72388e+09
70 1.61936e+09
71 1.56051e+09
72 1.62691e+09
73 1.57663e+09
74 1.49578e+09
75 1.51268e+09
76 1.55641e+09
77 1.4615e+09
78 1.4499e+09
79 1.45639e+09
80 1.44566e+09
81 1.39721e+09
82 1.4404e+09
83 1.39429e+09
84 1.39697e+09
85 1.36052e+09
86 1.40628e+09
87 1.35864e+09
88 1.37544e+09
89 1.35144e+09
90 1.40342e+09
91 1.32722e+09
92 1.37743e+09
93 1.33713e+09
94 1.39248e+09
95 1.33587e+09
