0 0.067177
1 7.14601e+11
2 2.01426e+12
3 8.73865e+11
4 3.70021e+11
5 3.99052e+11
6 2.24375e+11
7 1.86183e+11
8 1.86198e+11
9 1.6773e+11
10 1.46109e+11
11 1.27391e+11
12 1.11142e+11
13 9.29937e+10
14 7.28792e+10
15 7.31779e+10
16 5.31996e+10
17 4.97818e+10
18 4.59248e+10
19 4.01264e+10
20 3.20093e+10
21 2.81571e+10
22 2.64221e+10
23 2.46192e+10
24 1.85922e+10
25 1.87019e+10
26 1.6501e+10
27 1.57082e+10
28 1.37867e+10
29 1.33008e+10
30 1.17829e+10
31 9.69708e+09
32 1.05531e+10
33 9.16498e+09
34 7.93703e+09
35 7.99634e+09
36 7.40199e+09
37 6.63524e+09
38 5.53997e+09
39 5.61249e+09
40 5.02979e+09
41 4.37428e+09
42 4.31354e+09
43 3.86667e+09
44 3.46497e+09
45 3.2128e+09
46 3.1448e+09
47 2.91377e+09
48 2.64715e+09
49 2.63474e+09
50 2.4992e+09
51 2.39176e+09
52 2.22383e+09
53 2.1438e+09
54 2.0395e+09
55 1.93311e+09
56 1.90119e+09
57 1.85373e+09
58 1.73137e+09
59 1.64909e+09
60 1.59976e+09
61 1.5906e+09
62 1.46136e+09
63 1.45856e+09
64 1.41558e+09
65 1.40165e+09
66 1.30993e+09
67 1.31141e+09
68 1.27594e+09
69 1.23665e+09
70 1.21862e+09
71 1.20255e+09
72 1.16089e+09
73 1.16715e+09
74 1.12662e+09
75 1.12457e+09
76 1.09226e+09
77 1.09231e+09
78 1.06063e+09
79 1.06081e+09
80 1.0461e+09
81 1.02957e+09
82 1.02645e+09
83 1.01979e+09
84 1.0144e+09
85 9.92994e+08
86 1.00948e+09
87 9.88595e+08
88 9.9087e+08
89 9.69016e+08
90 9.81583e+08
91 9.65347e+08
92 9.60361e+08
93 9.53651e+08
94 9.57125e+08
95 9.47059e+08
