0 4.89019
1 2.02418e+11
2 4.90549e+11
3 5.86465e+11
4 4.85446e+11
5 4.2522e+11
6 3.14269e+11
7 2.44332e+11
8 1.81293e+11
9 1.45163e+11
10 1.21237e+11
11 9.51973e+10
12 7.84885e+10
13 7.17596e+10
14 5.78401e+10
15 4.62757e+10
16 3.32768e+10
17 2.88417e+10
18 2.68917e+10
19 2.73016e+10
20 2.50127e+10
21 2.49864e+10
22 2.62689e+10
23 2.5249e+10
24 2.22181e+10
25 2.15393e+10
26 1.89977e+10
27 1.79528e+10
28 1.61187e+10
29 1.53683e+10
30 1.36712e+10
31 1.29937e+10
32 1.14082e+10
33 1.0362e+10
34 9.47031e+09
35 8.95187e+09
36 8.74709e+09
37 8.32066e+09
38 7.7805e+09
39 7.22561e+09
40 6.78595e+09
41 6.71822e+09
42 6.43269e+09
43 6.06102e+09
44 5.45572e+09
45 5.04259e+09
46 4.88382e+09
47 4.84851e+09
48 4.55944e+09
49 4.12022e+09
50 3.78885e+09
51 3.6336e+09
52 3.54689e+09
53 3.47819e+09
54 3.31066e+09
55 3.23186e+09
56 3.04488e+09
57 2.93247e+09
58 2.76684e+09
59 2.69282e+09
60 2.64545e+09
61 2.58966e+09
62 2.5295e+09
63 2.46728e+09
64 2.3539e+09
65 2.30786e+09
66 2.26127e+09
67 2.21757e+09
68 2.11916e+09
69 2.04124e+09
70 1.98596e+09
71 1.96089e+09
72 1.94573e+09
73 1.91305e+09
74 1.8524e+09
75 1.80512e+09
76 1.76465e+09
77 1.74623e+09
78 1.71825e+09
79 1.6982e+09
80 1.67297e+09
81 1.64896e+09
82 1.63386e+09
83 1.60344e+09
84 1.58769e+09
85 1.56698e+09
86 1.54958e+09
87 1.53441e+09
88 1.51939e+09
89 1.5177e+09
90 1.49786e+09
91 1.47992e+09
92 1.47122e+09
93 1.45575e+09
94 1.44388e+09
95 1.43614e+09
