0 0.00379073
1 5.16721e+11
2 8.75236e+11
3 8.63166e+11
4 6.4708e+11
5 4.75124e+11
6 2.78132e+11
7 1.86575e+11
8 1.7325e+11
9 1.50184e+11
10 1.36797e+11
11 1.14525e+11
12 8.07634e+10
13 7.17999e+10
14 5.47974e+10
15 5.7559e+10
16 5.50362e+10
17 5.25147e+10
18 4.09175e+10
19 3.57282e+10
20 2.82091e+10
21 2.18091e+10
22 2.31515e+10
23 2.00107e+10
24 1.5935e+10
25 1.62189e+10
26 1.30461e+10
27 1.24569e+10
28 1.09556e+10
29 9.33582e+09
30 8.81037e+09
31 8.19175e+09
32 7.63495e+09
33 6.26546e+09
34 6.12642e+09
35 5.53848e+09
36 4.60953e+09
37 4.62011e+09
38 4.05787e+09
39 3.77949e+09
40 3.33967e+09
41 3.19236e+09
42 2.90066e+09
43 2.64498e+09
44 2.62041e+09
45 2.32568e+09
46 2.28922e+09
47 2.26263e+09
48 1.90628e+09
49 2.00115e+09
50 1.79468e+09
51 1.77274e+09
52 1.74282e+09
53 1.59002e+09
54 1.5599e+09
55 1.45387e+09
56 1.46256e+09
57 1.34292e+09
58 1.33488e+09
59 1.35272e+09
60 1.24071e+09
61 1.27796e+09
62 1.18756e+09
63 1.14287e+09
64 1.12501e+09
65 1.07397e+09
66 1.07234e+09
67 1.02277e+09
68 1.02133e+09
69 9.74127e+08
70 9.39614e+08
71 9.50281e+08
72 8.87376e+08
73 9.00563e+08
74 8.79326e+08
75 8.54154e+08
76 8.52627e+08
77 8.25727e+08
78 8.26556e+08
79 7.98069e+08
80 8.03335e+08
81 7.9116e+08
82 7.68107e+08
83 7.83193e+08
84 7.45899e+08
85 7.73243e+08
86 7.5401e+08
87 7.3367e+08
88 7.40195e+08
89 7.26114e+08
90 7.33847e+08
91 7.26951e+08
92 7.27947e+08
93 7.18637e+08
94 7.06667e+08
95 7.16475e+08
