0 0.106897
1 4.97701e+10
2 2.6512e+11
3 8.03244e+10
4 4.01953e+10
5 3.92786e+10
6 1.81707e+10
7 2.36896e+10
8 1.29721e+10
9 1.16166e+10
10 9.35741e+09
11 7.67737e+09
12 7.06922e+09
13 5.59443e+09
14 4.36119e+09
15 3.67831e+09
16 2.70121e+09
17 2.63131e+09
18 2.37117e+09
19 2.28103e+09
20 2.13018e+09
21 1.91494e+09
22 1.53447e+09
23 1.43275e+09
24 1.15658e+09
25 9.68581e+08
26 9.14841e+08
27 8.26879e+08
28 7.46806e+08
29 7.02176e+08
30 6.29375e+08
31 6.40234e+08
32 5.71751e+08
33 5.21399e+08
34 4.91075e+08
35 4.50449e+08
36 4.20266e+08
37 4.21584e+08
38 3.90082e+08
39 3.66901e+08
40 3.56247e+08
41 3.49649e+08
42 3.22665e+08
43 3.12354e+08
44 3.10688e+08
45 2.94721e+08
46 2.75145e+08
47 2.81399e+08
48 2.64819e+08
49 2.6106e+08
50 2.52754e+08
51 2.49687e+08
52 2.48969e+08
53 2.4369e+08
54 2.34655e+08
55 2.40552e+08
56 2.34457e+08
57 2.32643e+08
58 2.26309e+08
59 2.32154e+08
60 2.25815e+08
61 2.24744e+08
62 2.23113e+08
63 2.27049e+08
