0 0.410991
1 5.93441e+11
2 2.0723e+12
3 5.64043e+11
4 7.10895e+11
5 1.51117e+12
6 5.4774e+11
7 4.20121e+11
8 5.81328e+11
9 2.63882e+11
10 2.00631e+11
11 1.45825e+11
12 1.25504e+11
13 1.55061e+11
14 1.1644e+11
15 1.00127e+11
16 7.51777e+10
17 6.42486e+10
18 4.93314e+10
19 4.16296e+10
20 3.58244e+10
21 3.35142e+10
22 3.08957e+10
23 2.82317e+10
24 2.49066e+10
25 2.57856e+10
26 2.16673e+10
27 1.81001e+10
28 1.54782e+10
29 1.31839e+10
30 1.04712e+10
31 1.04405e+10
32 1.00978e+10
33 8.87606e+09
34 8.40802e+09
35 8.10929e+09
36 6.91241e+09
37 6.44697e+09
38 6.05872e+09
39 5.27303e+09
40 4.68306e+09
41 4.83951e+09
42 4.18985e+09
43 4.34419e+09
44 4.04331e+09
45 3.59025e+09
46 3.5144e+09
47 3.39716e+09
48 3.08328e+09
49 3.03727e+09
50 2.96643e+09
51 2.70268e+09
52 2.62798e+09
53 2.55811e+09
54 2.44692e+09
55 2.36293e+09
56 2.29369e+09
57 2.22544e+09
58 2.13235e+09
59 2.06139e+09
60 2.03198e+09
61 1.98535e+09
62 1.92887e+09
63 1.86349e+09
64 1.82094e+09
65 1.83056e+09
66 1.73384e+09
67 1.70371e+09
68 1.69441e+09
69 1.64108e+09
70 1.58841e+09
71 1.58755e+09
72 1.56187e+09
73 1.53541e+09
74 1.49438e+09
75 1.4898e+09
76 1.45893e+09
77 1.44231e+09
78 1.40865e+09
79 1.40881e+09
80 1.38524e+09
81 1.37941e+09
82 1.34676e+09
83 1.35656e+09
84 1.32991e+09
85 1.32744e+09
86 1.31459e+09
87 1.324e+09
88 1.30119e+09
89 1.31227e+09
90 1.29267e+09
91 1.31429e+09
92 1.29985e+09
93 1.3005e+09
94 1.2962e+09
95 1.31356e+09
