0 4.96024e-05
1 1.9616e+12
2 3.17226e+12
3 1.40966e+12
4 3.11136e+11
5 4.02698e+11
6 2.77531e+11
7 1.58177e+11
8 1.28548e+11
9 1.76915e+11
10 1.68131e+11
11 1.17613e+11
12 8.79604e+10
13 8.9056e+10
14 8.26015e+10
15 6.04585e+10
16 5.04801e+10
17 4.27588e+10
18 3.30621e+10
19 4.0253e+10
20 3.77282e+10
21 2.42296e+10
22 2.31562e+10
23 2.32765e+10
24 1.80484e+10
25 1.7979e+10
26 1.5803e+10
27 1.16634e+10
28 1.09344e+10
29 1.15512e+10
30 9.80856e+09
31 9.41477e+09
32 8.66948e+09
33 7.46504e+09
34 6.34261e+09
35 5.83624e+09
36 5.55564e+09
37 5.15351e+09
38 4.64147e+09
39 4.59949e+09
40 4.70415e+09
41 4.06255e+09
42 3.55079e+09
43 3.70968e+09
44 3.48277e+09
45 3.11819e+09
46 3.0588e+09
47 3.06833e+09
48 2.81008e+09
49 2.68759e+09
50 2.63419e+09
51 2.42172e+09
52 2.38428e+09
53 2.30991e+09
54 2.11427e+09
55 2.18391e+09
56 2.07724e+09
57 1.86771e+09
58 1.95758e+09
59 1.94492e+09
60 1.69869e+09
61 1.73847e+09
62 1.79396e+09
63 1.65217e+09
64 1.55482e+09
65 1.60898e+09
66 1.56725e+09
67 1.50444e+09
68 1.48558e+09
69 1.50437e+09
70 1.43751e+09
71 1.40195e+09
72 1.40144e+09
73 1.38685e+09
74 1.34059e+09
75 1.35589e+09
76 1.34878e+09
77 1.33091e+09
78 1.28419e+09
79 1.29934e+09
80 1.29978e+09
81 1.27283e+09
82 1.2764e+09
83 1.28628e+09
84 1.22253e+09
85 1.23889e+09
86 1.23901e+09
87 1.21125e+09
88 1.21806e+09
89 1.22734e+09
90 1.20666e+09
91 1.22501e+09
92 1.20578e+09
93 1.21317e+09
94 1.2281e+09
95 1.20688e+09
