0 0.0212598
1 8.12575e+11
2 1.42198e+12
3 4.27529e+11
4 4.74745e+11
5 6.21702e+11
6 4.30026e+11
7 3.16265e+11
8 2.23802e+11
9 1.99177e+11
10 1.3236e+11
11 1.13335e+11
12 1.03115e+11
13 1.16871e+11
14 9.02023e+10
15 7.58144e+10
16 5.69519e+10
17 5.19945e+10
18 3.82004e+10
19 4.1916e+10
20 3.01038e+10
21 2.86885e+10
22 2.2716e+10
23 2.1779e+10
24 1.91194e+10
25 1.71104e+10
26 1.50409e+10
27 1.27404e+10
28 1.38806e+10
29 1.21495e+10
30 1.0911e+10
31 1.10374e+10
32 8.92702e+09
33 8.61326e+09
34 7.62822e+09
35 7.78383e+09
36 6.63567e+09
37 6.47815e+09
38 6.03377e+09
39 5.46721e+09
40 5.27539e+09
41 4.79022e+09
42 4.76634e+09
43 4.16567e+09
44 3.8776e+09
45 3.61768e+09
46 3.46985e+09
47 3.37593e+09
48 2.91165e+09
49 3.09731e+09
50 2.73664e+09
51 2.58399e+09
52 2.63238e+09
53 2.36882e+09
54 2.41254e+09
55 2.27645e+09
56 2.20925e+09
57 2.12534e+09
58 2.04734e+09
59 2.01714e+09
60 1.85738e+09
61 1.92928e+09
62 1.77937e+09
63 1.7454e+09
64 1.6806e+09
65 1.60448e+09
66 1.61419e+09
67 1.52287e+09
68 1.56478e+09
69 1.44615e+09
70 1.42914e+09
71 1.40892e+09
72 1.33542e+09
73 1.37325e+09
74 1.31105e+09
75 1.32854e+09
76 1.30635e+09
77 1.28832e+09
78 1.26593e+09
79 1.23314e+09
80 1.27189e+09
81 1.22304e+09
82 1.23783e+09
83 1.22111e+09
84 1.1966e+09
85 1.20624e+09
86 1.16231e+09
87 1.18821e+09
88 1.1564e+09
89 1.16497e+09
90 1.15375e+09
91 1.13675e+09
92 1.1523e+09
93 1.10979e+09
94 1.1417e+09
95 1.12239e+09
