0 0.0364018
1 6.54161e+11
2 2.32484e+12
3 1.21947e+12
4 4.30027e+11
5 4.3892e+11
6 3.28122e+11
7 2.44181e+11
8 2.10639e+11
9 2.44961e+11
10 2.07613e+11
11 1.66626e+11
12 1.49836e+11
13 9.79926e+10
14 7.4523e+10
15 7.53751e+10
16 6.37511e+10
17 5.58903e+10
18 5.17316e+10
19 4.4161e+10
20 3.8938e+10
21 3.497e+10
22 2.97824e+10
23 2.78679e+10
24 2.58068e+10
25 2.27723e+10
26 1.83722e+10
27 1.89181e+10
28 1.59731e+10
29 1.41855e+10
30 1.33175e+10
31 1.2595e+10
32 1.11189e+10
33 9.28645e+09
34 8.3277e+09
35 7.61581e+09
36 6.44498e+09
37 5.79322e+09
38 5.33798e+09
39 5.19704e+09
40 4.27388e+09
41 4.01863e+09
42 3.91391e+09
43 3.54731e+09
44 3.20489e+09
45 2.99108e+09
46 2.95854e+09
47 2.74186e+09
48 2.50844e+09
49 2.44206e+09
50 2.23084e+09
51 2.07791e+09
52 1.91073e+09
53 1.84305e+09
54 1.68037e+09
55 1.59068e+09
56 1.54001e+09
57 1.47108e+09
58 1.41305e+09
59 1.33518e+09
60 1.31594e+09
61 1.28614e+09
62 1.18964e+09
63 1.17692e+09
64 1.11823e+09
65 1.12691e+09
66 1.05185e+09
67 1.05806e+09
68 1.03728e+09
69 1.01083e+09
70 9.78002e+08
71 9.75807e+08
72 9.34291e+08
73 9.28843e+08
74 9.10464e+08
75 9.03137e+08
76 8.7445e+08
77 8.69987e+08
78 8.59656e+08
79 8.48146e+08
80 8.39822e+08
81 8.38467e+08
82 8.29699e+08
83 8.20173e+08
84 8.18788e+08
85 8.10102e+08
86 8.02798e+08
87 8.04144e+08
88 8.07996e+08
89 8.00506e+08
90 7.99227e+08
91 8.05261e+08
92 8.0148e+08
93 8.06253e+08
94 7.96927e+08
95 8.07105e+08
