0 0.0156265
1 1.14531e+11
2 1.95066e+11
3 9.15433e+10
4 7.81235e+10
5 5.75539e+10
6 3.69391e+10
7 4.00723e+10
8 2.54504e+10
9 2.12537e+10
10 1.54237e+10
11 1.05439e+10
12 1.13262e+10
13 8.53137e+09
14 6.13225e+09
15 5.26548e+09
16 4.41071e+09
17 4.27756e+09
18 3.58479e+09
19 3.31233e+09
20 2.92755e+09
21 2.33771e+09
22 2.19418e+09
23 1.97996e+09
24 1.65361e+09
25 1.7151e+09
26 1.42464e+09
27 1.22035e+09
28 1.12951e+09
29 1.06932e+09
30 9.3289e+08
31 9.09239e+08
32 8.57642e+08
33 8.01208e+08
34 7.88088e+08
35 7.47301e+08
36 7.04678e+08
37 6.83626e+08
38 6.47336e+08
39 6.06606e+08
40 5.84971e+08
41 5.6361e+08
42 5.32609e+08
43 5.20663e+08
44 5.07376e+08
45 4.81754e+08
46 4.72672e+08
47 4.60305e+08
48 4.50395e+08
49 4.40139e+08
50 4.35378e+08
51 4.22988e+08
52 4.18226e+08
53 4.11179e+08
54 4.04078e+08
55 4.02986e+08
56 3.98844e+08
57 3.93836e+08
58 3.9149e+08
59 3.87661e+08
60 3.85622e+08
61 3.84679e+08
62 3.85831e+08
63 3.86157e+08
