0 0.00524508
1 5.50119e+09
2 9.97434e+10
3 1.46319e+11
4 7.25267e+10
5 5.72466e+10
6 3.47627e+10
7 2.68189e+10
8 2.19761e+10
9 2.07986e+10
10 1.75499e+10
11 1.64918e+10
12 1.56995e+10
13 1.21276e+10
14 8.85839e+09
15 6.76086e+09
16 5.81567e+09
17 4.84136e+09
18 3.4997e+09
19 3.30571e+09
20 2.94107e+09
21 2.41744e+09
22 2.12839e+09
23 2.12246e+09
24 1.71807e+09
25 1.63648e+09
26 1.48248e+09
27 1.31604e+09
28 1.14275e+09
29 1.11351e+09
30 9.19297e+08
31 8.72862e+08
32 7.77657e+08
33 6.96416e+08
34 6.22026e+08
35 5.841e+08
36 5.40589e+08
37 5.03669e+08
38 4.80508e+08
39 4.66484e+08
40 4.46114e+08
41 4.23219e+08
42 3.9349e+08
43 3.74908e+08
44 3.52439e+08
45 3.34435e+08
46 3.21186e+08
47 3.19383e+08
48 2.99088e+08
49 2.91011e+08
50 2.84238e+08
51 2.73499e+08
52 2.62805e+08
53 2.61244e+08
54 2.55128e+08
55 2.51625e+08
56 2.50821e+08
57 2.45371e+08
58 2.43061e+08
59 2.449e+08
60 2.45281e+08
61 2.45594e+08
62 2.46026e+08
63 2.48449e+08
