0 2.84869e-08
1 9.11931e+08
2 1.68398e+09
3 5.92358e+08
4 4.00123e+08
5 3.42009e+08
6 4.48562e+08
7 2.95835e+08
8 1.5371e+08
9 1.59198e+08
10 1.70539e+08
11 7.7832e+07
12 9.25098e+07
13 8.80523e+07
14 5.56223e+07
15 4.55122e+07
16 5.39805e+07
17 4.08355e+07
18 3.30506e+07
19 3.18742e+07
20 2.7759e+07
21 2.35935e+07
22 2.4955e+07
23 2.17579e+07
24 1.8663e+07
25 2.07579e+07
26 1.85673e+07
27 1.66114e+07
28 1.70468e+07
29 1.65683e+07
30 1.4717e+07
31 1.53431e+07
32 1.47329e+07
33 1.30082e+07
34 1.33665e+07
35 1.26735e+07
36 1.18305e+07
37 1.1669e+07
38 1.11604e+07
39 1.0611e+07
40 1.02069e+07
41 1.00354e+07
42 9.41406e+06
43 9.36371e+06
44 9.15045e+06
45 8.85066e+06
46 8.66128e+06
47 8.60224e+06
48 8.41583e+06
49 8.3777e+06
50 8.26273e+06
51 8.16327e+06
52 8.03206e+06
53 7.96711e+06
54 7.76267e+06
55 7.81268e+06
56 7.64176e+06
57 7.62705e+06
58 7.58273e+06
59 7.53548e+06
60 7.5249e+06
61 7.49765e+06
62 7.49166e+06
63 7.53404e+06
