0 44.0307
1 2.04816e+11
2 4.91596e+11
3 5.8262e+11
4 4.81468e+11
5 4.21932e+11
6 3.16204e+11
7 2.53477e+11
8 1.96302e+11
9 1.57108e+11
10 1.23257e+11
11 9.49316e+10
12 7.43815e+10
13 5.56111e+10
14 4.54908e+10
15 4.86534e+10
16 4.43898e+10
17 4.2069e+10
18 3.52449e+10
19 3.25488e+10
20 3.23483e+10
21 3.01848e+10
22 2.73316e+10
23 2.48747e+10
24 2.23e+10
25 2.04041e+10
26 1.78102e+10
27 1.65994e+10
28 1.4719e+10
29 1.43021e+10
30 1.33987e+10
31 1.25203e+10
32 1.09655e+10
33 1.07236e+10
34 1.00932e+10
35 8.96518e+09
36 8.07348e+09
37 7.89396e+09
38 7.82082e+09
39 7.2538e+09
40 6.34998e+09
41 6.13905e+09
42 6.0878e+09
43 6.11854e+09
44 5.90422e+09
45 5.59003e+09
46 5.06176e+09
47 4.82538e+09
48 4.49499e+09
49 4.2768e+09
50 3.96057e+09
51 3.70207e+09
52 3.44745e+09
53 3.27114e+09
54 3.10018e+09
55 3.04506e+09
56 2.97882e+09
57 2.96395e+09
58 2.9481e+09
59 2.88651e+09
60 2.77358e+09
61 2.65745e+09
62 2.49636e+09
63 2.41025e+09
64 2.2911e+09
65 2.27455e+09
66 2.20857e+09
67 2.13043e+09
68 2.04971e+09
69 1.96736e+09
70 1.9283e+09
71 1.8836e+09
72 1.83611e+09
73 1.78616e+09
74 1.72267e+09
75 1.69713e+09
76 1.67347e+09
77 1.6553e+09
78 1.61507e+09
79 1.58645e+09
80 1.56069e+09
81 1.55594e+09
82 1.54463e+09
83 1.53802e+09
84 1.51727e+09
85 1.5095e+09
86 1.48437e+09
87 1.48597e+09
88 1.47387e+09
89 1.47342e+09
90 1.45362e+09
91 1.43999e+09
92 1.42921e+09
93 1.42028e+09
94 1.41358e+09
95 1.40314e+09
