0 0.000101805
1 3.2471e+10
2 2.17685e+11
3 3.08357e+11
4 2.80594e+11
5 1.4501e+11
6 6.95911e+10
7 6.12956e+10
8 5.17972e+10
9 4.02018e+10
10 3.51552e+10
11 2.83096e+10
12 2.4483e+10
13 2.30038e+10
14 2.30228e+10
15 2.16407e+10
16 1.91245e+10
17 1.67567e+10
18 1.3655e+10
19 1.44712e+10
20 1.32198e+10
21 1.14681e+10
22 1.04175e+10
23 9.70248e+09
24 8.61568e+09
25 7.76157e+09
26 6.88201e+09
27 6.31751e+09
28 5.45081e+09
29 5.16963e+09
30 4.48635e+09
31 4.41518e+09
32 4.09234e+09
33 4.01381e+09
34 3.91353e+09
35 3.73262e+09
36 3.37108e+09
37 3.19019e+09
38 2.91135e+09
39 2.68617e+09
40 2.49305e+09
41 2.2789e+09
42 2.0929e+09
43 1.99286e+09
44 1.85427e+09
45 1.67674e+09
46 1.5822e+09
47 1.54471e+09
48 1.48534e+09
49 1.46215e+09
50 1.41915e+09
51 1.34275e+09
52 1.27529e+09
53 1.22201e+09
54 1.13423e+09
55 1.10867e+09
56 1.06315e+09
57 1.02855e+09
58 9.94386e+08
59 9.6703e+08
60 9.26898e+08
61 8.96076e+08
62 8.51621e+08
63 8.24618e+08
64 7.82603e+08
65 7.67927e+08
66 7.27211e+08
67 7.04054e+08
68 6.7439e+08
69 6.47927e+08
70 6.34905e+08
71 6.21068e+08
72 6.15731e+08
73 6.11963e+08
74 5.98502e+08
75 5.90197e+08
76 5.79686e+08
77 5.72404e+08
78 5.6569e+08
79 5.58275e+08
80 5.48162e+08
81 5.43885e+08
82 5.40604e+08
83 5.35055e+08
84 5.25507e+08
85 5.24279e+08
86 5.14604e+08
87 5.10468e+08
88 5.0297e+08
89 4.98384e+08
90 4.87524e+08
91 4.82202e+08
92 4.78237e+08
93 4.79581e+08
94 4.79107e+08
95 4.8114e+08
