0 0.673133
1 3.4607e+10
2 7.48459e+10
3 8.02425e+10
4 5.73635e+10
5 4.53532e+10
6 3.03696e+10
7 2.25109e+10
8 1.6249e+10
9 1.39172e+10
10 1.14912e+10
11 9.09994e+09
12 7.32289e+09
13 6.71477e+09
14 5.89737e+09
15 5.57136e+09
16 4.54105e+09
17 3.82263e+09
18 2.95655e+09
19 2.72469e+09
20 2.47529e+09
21 2.22685e+09
22 1.99769e+09
23 2.04228e+09
24 2.0097e+09
25 1.86739e+09
26 1.59457e+09
27 1.47362e+09
28 1.34247e+09
29 1.32212e+09
30 1.21853e+09
31 1.15928e+09
32 1.05363e+09
33 1.01005e+09
34 9.57316e+08
35 9.02671e+08
36 8.55414e+08
37 8.25158e+08
38 7.67317e+08
39 7.12201e+08
40 6.67149e+08
41 6.38213e+08
42 6.06873e+08
43 5.83356e+08
44 5.48592e+08
45 5.24471e+08
46 5.03619e+08
47 4.90573e+08
48 4.74809e+08
49 4.61983e+08
50 4.47227e+08
51 4.36977e+08
52 4.23278e+08
53 4.13797e+08
54 4.02677e+08
55 3.97639e+08
56 3.89913e+08
57 3.86634e+08
58 3.82466e+08
59 3.77758e+08
60 3.72294e+08
61 3.66288e+08
62 3.62387e+08
63 3.57742e+08
