0 0.00779027
1 2.05748e+11
2 2.01423e+11
3 6.09523e+10
4 1.06982e+11
5 8.22823e+10
6 2.12627e+10
7 2.96028e+10
8 2.65706e+10
9 1.62006e+10
10 1.28912e+10
11 1.12929e+10
12 5.05483e+09
13 5.3404e+09
14 4.81825e+09
15 3.59476e+09
16 3.28435e+09
17 3.31342e+09
18 2.19061e+09
19 2.20555e+09
20 1.92218e+09
21 1.53654e+09
22 1.45146e+09
23 1.33689e+09
24 1.18771e+09
25 1.14375e+09
26 1.0201e+09
27 9.62505e+08
28 9.1132e+08
29 7.79604e+08
30 8.05049e+08
31 7.46805e+08
32 7.07684e+08
33 6.63286e+08
34 6.11505e+08
35 6.09125e+08
36 5.73673e+08
37 5.70793e+08
38 5.38472e+08
39 5.2526e+08
40 4.89773e+08
41 5.03503e+08
42 4.6111e+08
43 4.6069e+08
44 4.52695e+08
45 4.2539e+08
46 4.14178e+08
47 4.1433e+08
48 3.9066e+08
49 3.86667e+08
50 3.83044e+08
51 3.63628e+08
52 3.65096e+08
53 3.59658e+08
54 3.38759e+08
55 3.51098e+08
56 3.33218e+08
57 3.28855e+08
58 3.30402e+08
59 3.20567e+08
60 3.18633e+08
61 3.23013e+08
62 3.06882e+08
63 3.14882e+08
