0 1.18805
1 3.20825e+11
2 4.92278e+11
3 2.31764e+11
4 8.53829e+10
5 1.07248e+11
6 6.1704e+10
7 6.15471e+10
8 3.95997e+10
9 3.25756e+10
10 2.28134e+10
11 1.45899e+10
12 1.46397e+10
13 1.03874e+10
14 7.27901e+09
15 8.12265e+09
16 5.53965e+09
17 5.39218e+09
18 4.23779e+09
19 3.60494e+09
20 3.18816e+09
21 2.68594e+09
22 2.4589e+09
23 1.96393e+09
24 1.68679e+09
25 1.69704e+09
26 1.42091e+09
27 1.2518e+09
28 1.29686e+09
29 1.13613e+09
30 9.41318e+08
31 9.98321e+08
32 8.74871e+08
33 8.12354e+08
34 7.3706e+08
35 6.5808e+08
36 7.18798e+08
37 6.77807e+08
38 5.61554e+08
39 5.74627e+08
40 6.04011e+08
41 5.31767e+08
42 4.89717e+08
43 5.12678e+08
44 4.89245e+08
45 4.56365e+08
46 4.73004e+08
47 4.50164e+08
48 4.17769e+08
49 4.31744e+08
50 4.4001e+08
51 4.05711e+08
52 3.94725e+08
53 4.16133e+08
54 4.07692e+08
55 3.85336e+08
56 3.88243e+08
57 3.95359e+08
58 3.89422e+08
59 3.81336e+08
60 3.82974e+08
61 3.92037e+08
62 3.81713e+08
63 3.78925e+08
