1 0.328112
2 0.362601
3 0.346243
4 0.301559
5 0.333591
6 0.335324
7 0.306579
8 0.295223
9 0.290399
10 0.300596
11 0.291644
12 0.293418
13 0.319093
14 0.309252
15 0.348584
16 0.406533
17 0.389177
18 0.3546
19 0.359967
20 0.349316
21 0.354568
22 0.345783
23 0.352088
24 0.343991
25 0.347433
26 0.353532
27 0.349476
28 0.340111
29 0.351679
30 0.348918
31 0.364093
32 0.380221
33 0.35822
34 0.399145
35 0.384984
36 0.354912
37 0.380395
38 0.360116
39 0.354345
40 0.355751
41 0.359654
42 0.372925
43 0.379444
44 0.363266
45 0.378194
46 0.362865
47 0.366091
48 0.365766
49 0.375269
50 0.390711
51 0.391048
52 0.413211
53 0.421395
54 0.425815
55 0.431574
56 0.432004
57 0.427891
58 0.421903
59 0.431732
60 0.439205
61 0.418633
62 0.428669
63 0.426174
64 0.426553
65 0.442691
66 0.421474
67 0.41833
68 0.428583
69 0.417331
70 0.426485
71 0.42323
72 0.425688
73 0.476118
74 0.513238
75 0.529231
76 0.590752
77 0.556475
78 0.571841
79 0.58024
80 0.636049
81 0.552896
82 0.544454
83 0.566381
84 0.564993
85 0.55985
86 0.572324
87 0.568039
88 0.555738
89 0.554276
90 0.555836
91 0.570608
92 0.566821
93 0.597318
94 0.559343
95 0.572198
96 0.558548
97 0.5946
98 0.572627
99 0.568762
100 0.566715
101 0.56025
102 0.560935
103 0.563397
104 0.574873
105 0.56393
106 0.56186
107 0.550905
108 0.561358
109 0.519317
110 0.561004
111 0.621753
112 0.567058
113 0.571075
114 0.580713
115 0.583908
116 0.593967
117 0.659034
118 0.564449
119 0.593146
120 0.610027
121 0.578471
122 0.607962
123 0.57711
124 0.628496
125 0.592967
126 0.687741
127 0.617759
128 0.599203
129 0.59065
130 0.56975
131 0.585942
132 0.640644
133 0.616969
134 0.595532
135 0.572571
136 0.582858
137 0.587234
138 0.578711
139 0.584811
140 0.576885
141 0.588195
142 0.580342
143 0.592808
144 0.613627
145 0.569589
146 0.58554
147 0.587098
148 0.588445
149 0.576225
150 0.586718
151 0.595951
152 0.576961
153 0.595912
154 0.587844
155 0.623055
156 0.58865
157 0.59515
158 0.593234
159 0.61591
160 0.628762
161 0.594163
162 0.596012
163 0.578858
164 0.598299
165 0.587686
166 0.597261
167 0.601203
168 0.612923
169 0.596326
170 0.596286
171 0.636385
172 0.725684
173 0.762083
174 0.685147
175 0.610586
176 0.658057
177 0.690256
178 0.62692
179 0.636175
180 0.599092
181 0.632167
182 0.619705
183 0.599443
184 0.608944
185 0.616191
186 0.649528
187 0.609359
188 0.602274
189 0.627007
190 0.620203
191 0.605744
192 0.624758
193 0.630894
194 0.607601
195 0.604201
196 0.591051
197 0.608854
198 0.623902
199 0.614932
200 0.640437
201 0.698982
202 0.639924
203 0.679852
204 0.700677
205 0.69777
206 0.699033
207 0.669594
208 0.641398
209 0.634392
210 0.686047
211 0.66787
212 0.635983
213 0.644138
214 0.641154
215 0.662989
216 0.654523
217 0.637011
218 0.631766
219 0.6643
220 0.746321
221 0.727249
222 0.65205
223 0.664661
224 0.695732
225 0.655981
226 0.685279
227 0.671109
228 0.692647
229 0.677784
230 0.628704
231 0.635352
232 0.647644
233 0.689531
234 0.655056
235 0.647483
236 0.657042
237 0.650661
238 0.65611
239 0.658221
240 0.686404
241 0.661329
242 0.650236
243 0.661746
244 0.723314
245 0.660088
246 0.652479
247 0.666496
248 0.733704
249 0.774266
250 0.682483
251 0.686562
252 0.690358
253 0.678916
254 0.674967
255 0.672914
256 0.685901
257 0.690399
258 0.680031
259 0.67766
260 0.677517
261 0.676185
262 0.654472
263 0.663307
264 0.646248
265 0.74004
266 0.743557
267 0.715645
268 0.713355
269 0.753185
270 0.726967
271 0.634227
272 0.738802
273 0.66403
274 0.71006
275 0.634873
276 0.699449
277 0.706495
278 0.721477
279 0.709716
280 0.646409
281 0.697723
282 0.694555
283 0.728836
284 0.726665
285 0.720742
286 0.812393
287 0.700654
288 0.764658
289 0.714833
290 0.692438
291 0.741613
292 0.760141
293 0.736585
294 0.637963
295 0.741771
296 0.779895
297 0.702001
298 0.740119
299 0.732267
300 0.764937
301 0.728062
302 0.806432
303 0.774766
304 0.690238
305 0.767231
1 0.351118
2 0.403068
3 0.405872
4 0.305302
5 0.298625
6 0.295606
7 0.285994
8 0.2839
9 0.261806
10 0.288287
11 0.323662
12 0.299823
13 0.286023
14 0.272219
15 0.28197
16 0.282027
17 0.370516
18 0.296232
19 0.297594
20 0.343348
21 0.404328
22 0.360683
23 0.367246
24 0.317377
25 0.314097
26 0.309573
27 0.316988
28 0.431212
29 0.366531
30 0.310401
31 0.34738
32 0.320852
33 0.311224
34 0.316011
35 0.304221
1 0.459076
2 0.408071
3 0.430777
4 0.317514
5 0.354394
6 0.36483
7 0.360115
8 0.398391
9 0.407054
10 0.371978
1 0.458819
2 0.437199
3 0.379523
4 0.32314
5 0.304087
6 0.315886
7 0.338085
8 0.308537
9 0.307741
10 0.317298
11 0.295252
12 0.346377
13 0.42786
14 0.439891
15 0.39774
16 0.388601
17 0.405489
18 0.389473
19 0.392611
20 0.407734
21 0.389307
22 0.397836
23 0.371714
24 0.410147
25 0.384607
26 0.407398
27 0.448924
28 0.414603
29 0.47895
1 0.730339
1 0.434577
2 0.482467
3 0.385943
4 0.307581
5 0.311237
6 0.289641
7 0.286598
8 0.318261
9 0.279377
10 0.280078
11 0.313766
12 0.302801
13 0.283017
14 0.301066
15 0.296968
16 0.296208
17 0.310917
18 0.334171
19 0.29784
20 0.311822
21 0.330295
22 0.366191
23 0.322771
24 0.275598
25 0.292696
26 0.299822
27 0.27703
28 0.300511
29 0.343631
30 0.313228
31 0.288881
1 0.609915
1 0.511217
2 0.457617
3 0.404211
4 0.345485
5 0.321781
6 0.339978
7 0.319761
8 0.418735
9 0.372593
10 0.400632
11 0.381171
1 0.491805
2 0.461276
3 0.44438
4 0.369752
5 0.36635
6 0.325648
7 0.334506
8 0.33569
9 0.330007
1 0.600499
2 0.459237
3 0.406594
4 0.369484
5 0.377481
6 0.382769
7 0.386182
1 0.559448
2 0.542272
3 0.492116
4 0.444615
5 0.402551
6 0.404438
7 0.37954
8 0.391454
9 0.428049
1 0.762577
2 0.489483
3 0.418757
4 0.370942
5 0.4232
6 0.3606
7 0.42336
8 0.427808
9 0.404312
10 0.449075
11 0.371159
12 0.398704
13 0.350956
14 0.36078
15 0.396884
16 0.376715
17 0.448548
18 0.357867
19 0.392653
20 0.4027
1 0.625131
2 0.649401
3 0.559947
4 0.630582
5 0.50892
6 0.501528
7 0.438743
8 0.478569
9 0.451772
10 0.488576
11 0.438443
12 0.481854
13 0.503216
14 0.474782
15 0.47364
16 0.647995
17 0.472076
18 0.534291
19 0.463177
20 0.474158
21 0.442863
22 0.476015
23 0.437898
24 0.513353
25 0.477773
26 0.507346
27 0.441173
28 0.525475
29 0.457775
30 0.523897
31 0.480441
32 0.49542
33 0.471896
34 0.51831
35 0.482745
36 0.497459
37 0.455826
38 0.463552
39 0.458939
40 0.475444
41 0.488418
42 0.576745
43 0.619579
44 0.526657
45 0.548333
1 0.632821
2 0.585566
3 0.427561
4 0.378805
5 0.37465
6 0.391837
1 0.75286
2 0.569081
3 0.434163
4 0.441775
5 0.408429
6 0.418621
7 0.490606
8 0.37481
9 0.4375
10 0.439726
11 0.423022
12 0.422023
1 0.568401
2 0.588337
3 0.464291
4 0.393466
5 0.38938
6 0.360525
7 0.357657
8 0.411206
9 0.360914
10 0.408309
11 0.500294
12 0.386651
13 0.412807
14 0.363022
15 0.405067
16 0.365136
17 0.400039
18 0.385497
19 0.355577
20 0.508133
1 0.654508
2 0.564666
3 0.434225
4 0.388851
5 0.391217
6 0.382823
7 0.376269
8 0.386655
9 0.354053
10 0.394914
11 0.385473
12 0.358151
13 0.439793
14 0.48134
15 0.506762
16 0.482792
17 0.503186
18 0.473853
19 0.491578
20 0.472158
21 0.498159
22 0.466605
23 0.496882
24 0.486922
25 0.475315
26 0.482533
27 0.499862
28 0.469443
29 0.47758
30 0.515696
31 0.508255
32 0.66375
33 0.641261
34 0.52828
35 0.504178
36 0.482298
37 0.508945
38 0.529214
39 0.499434
40 0.465206
41 0.520605
42 0.495889
43 0.555221
44 0.509264
45 0.493174
46 0.483438
47 0.515943
48 0.483962
49 0.504021
50 0.45798
51 0.491109
52 0.463628
53 0.513775
54 0.482206
55 0.486592
56 0.488528
57 0.49726
58 0.509296
59 0.520735
60 0.533522
61 0.488165
62 0.51306
63 0.512615
64 0.513966
65 0.48004
66 0.533552
67 0.527482
68 0.546688
69 0.481915
70 0.479147
71 0.496462
72 0.499455
73 0.536154
74 0.498923
75 0.512192
76 0.468808
77 0.528891
78 0.490086
79 0.511483
80 0.471338
81 0.502422
82 0.473894
83 0.542462
84 0.46745
85 0.478528
86 0.481046
87 0.52938
88 0.497093
89 0.506742
90 0.513304
91 0.472476
92 0.548206
93 0.491675
94 0.505967
95 0.445333
96 0.462824
97 0.425869
98 0.452034
99 0.431202
100 0.44569
101 0.429311
102 0.430248
103 0.433367
104 0.428732
105 0.446364
106 0.441896
107 0.46801
108 0.418591
109 0.474516
110 0.440979
111 0.436254
112 0.430323
113 0.44503
114 0.428186
115 0.4392
116 0.440226
117 0.48725
118 0.433004
119 0.559313
120 0.521332
121 0.499294
122 0.43047
123 0.435784
124 0.424477
125 0.449895
126 0.460931
127 0.434783
128 0.47905
129 0.470885
130 0.437294
131 0.415807
132 0.455356
133 0.417816
134 0.427058
135 0.435458
136 0.434781
137 0.455708
138 0.55955
139 0.447422
140 0.465026
141 0.417399
142 0.424015
143 0.442116
144 0.438092
145 0.442449
146 0.576898
1 0.809534
2 0.57599
3 0.513218
4 0.537656
1 0.886148
2 0.575558
3 0.545267
4 0.521562
5 0.520011
6 0.524881
7 0.514803
8 0.536151
9 0.511983
10 0.536268
11 0.519137
12 0.523933
13 0.507696
14 0.502709
15 3.08399
16 4.40358
17 6.97953
1 0.76126
2 0.70236
3 0.58393
4 0.555917
1 0.829805
2 2.5834
3 2.38219
1 1.1209
2 2.84151
3 2.36138
1 2.98259
2 2.59766
1 3.23688
2 2.49549
3 2.34098
4 2.33617
5 2.28856
6 2.6857
7 2.66407
8 2.72184
9 2.39498
10 2.80424
11 2.43599
12 2.86701
1 0.606474
2 0.610726
3 0.405348
4 0.412269
5 0.366396
6 0.392382
7 0.42954
8 0.488061
9 0.474781
10 0.487875
11 0.478685
12 0.4868
13 0.469965
14 0.493488
15 0.477359
16 0.489934
17 0.466931
18 0.493814
19 0.46655
20 0.499705
21 0.495917
22 0.536388
23 0.494615
24 0.488987
25 0.461778
26 0.502015
27 0.45154
28 0.489337
29 0.469348
30 0.524097
31 0.500021
32 0.586106
33 0.471819
34 0.471084
35 0.471349
36 0.482013
1 0.778726
2 0.581774
3 0.515447
4 0.500567
5 0.500399
6 0.481974
7 0.487953
8 0.503062
9 0.493293
10 0.491483
11 0.501599
12 0.509593
13 0.49884
14 0.487482
15 0.495837
16 0.521273
17 0.501748
18 0.515725
19 0.489107
20 0.49955
21 0.495116
22 0.495385
23 0.537675
24 0.525888
25 0.491671
26 0.555774
27 0.519197
28 0.549941
29 0.629938
30 0.522161
31 0.506349
32 0.490506
33 0.509099
34 0.501093
35 0.526495
36 0.537559
37 0.486558
38 0.510958
39 0.515015
40 0.619566
41 0.661745
42 0.6019
43 0.53916
44 0.551336
45 0.550471
46 0.489034
47 0.510923
48 0.505987
49 0.51634
1 0.63742
2 0.431513
1 0.319819
2 0.355419
3 0.323576
4 0.374282
5 0.410041
6 0.317297
7 0.377713
8 0.330364
9 0.322042
10 0.314016
11 0.291121
12 0.27484
13 0.292545
14 0.284794
15 0.315239
16 0.40252
17 0.43298
18 0.475802
19 0.453538
20 0.482922
21 0.550163
22 0.472821
23 0.425976
24 0.542013
25 0.578177
26 0.559116
27 0.525755
28 0.455652
29 0.433804
30 0.46262
31 0.422992
32 0.447517
33 0.435223
34 0.446157
35 0.482981
36 0.500663
37 0.47599
38 0.565616
39 0.483496
40 0.474461
41 0.452576
42 0.485696
43 0.451576
44 0.466447
45 0.47462
46 0.473181
47 0.456416
48 0.464442
49 0.562219
50 0.711061
51 0.533756
52 0.523706
1 0.627247
2 0.651281
3 0.437677
4 0.427381
5 0.412198
6 0.430228
7 0.383903
8 0.40257
9 0.44144
10 0.434295
11 0.403123
12 0.382763
13 0.353266
14 0.353455
1 0.521137
2 0.45997
3 0.415205
4 0.333797
5 0.350774
6 0.30859
7 0.303273
8 0.278616
9 0.29667
10 0.29797
11 0.276876
12 0.310286
13 0.332678
14 0.292346
1 0.481392
2 0.436496
3 0.380819
4 0.317344
5 0.28907
6 0.27603
7 0.304699
8 0.273924
9 0.278443
10 0.305358
11 0.286194
12 0.288397
13 0.293161
14 0.294939
1 0.516198
2 0.644344
3 0.438429
4 0.48383
5 0.476728
6 0.463496
7 0.474058
8 0.472564
9 0.47307
10 0.444537
11 0.482663
12 0.460763
13 0.522463
14 0.484156
15 0.480689
16 0.447493
17 0.483177
18 0.468759
19 0.505681
20 0.438396
21 0.470034
22 0.439447
23 0.492608
24 0.448743
25 0.472144
26 0.444645
27 0.466003
28 0.444455
29 0.477075
30 0.446041
31 0.48056
32 0.449589
33 0.452551
34 0.457771
35 0.470687
36 0.448581
37 0.500319
38 0.456962
39 0.469326
40 0.451158
1 3.66553
2 3.38429
3 2.52245
1 0.460631
2 0.461095
3 0.442167
4 0.338045
5 0.339796
6 0.314378
7 0.302745
8 0.360295
9 0.334969
10 0.330489
11 0.427851
12 0.414442
13 0.439656
14 0.486855
15 1.15481
16 3.00838
1 0.382563
2 0.451567
3 0.583253
4 0.406559
5 0.396141
6 0.400009
7 0.394129
8 0.418335
9 0.416291
10 0.367194
11 0.395074
12 0.364881
13 0.370889
14 0.383848
15 0.413823
16 0.444724
17 0.43651
18 0.461517
19 0.418947
20 0.438754
21 0.408034
22 0.447095
23 0.449315
24 0.443835
25 0.650141
26 0.437959
27 0.478191
28 0.416624
29 0.404346
30 0.428031
31 0.448888
32 0.416679
33 0.447102
34 0.419092
35 0.465255
36 0.419514
37 0.464722
38 0.579951
39 0.476549
40 0.404332
41 0.44182
42 0.418655
43 0.464945
44 0.419875
45 0.554331
46 0.416606
47 0.450452
48 0.415296
49 0.45407
50 0.456658
51 0.53845
52 0.50839
53 0.496249
54 0.530467
55 0.590086
56 0.639118
57 0.650805
58 0.662871
59 0.638803
60 0.608674
61 0.616263
62 0.595907
63 0.633589
64 0.585978
65 0.538428
66 0.54843
1 0.401853
2 0.335794
3 0.333596
4 0.320201
5 0.278138
6 0.2822
7 0.287569
8 0.273538
9 0.281501
10 0.279518
11 0.283981
12 0.288762
13 0.286755
14 0.280944
15 0.334142
16 0.329497
17 0.321451
18 0.337115
19 0.321814
20 0.326434
21 0.334036
22 0.320097
23 0.325459
24 0.323117
25 0.331376
26 0.333928
27 0.325274
28 0.33061
29 0.333439
30 0.345471
31 0.333132
32 0.33138
33 0.333422
34 0.340278
35 0.326468
36 0.337692
37 0.33006
38 0.333695
39 0.329754
40 0.326856
41 0.324412
42 0.347122
43 0.333616
44 0.337072
45 0.340793
46 0.350682
47 0.331541
48 0.338795
49 0.340123
50 0.431277
51 0.437173
52 0.444395
53 0.469298
54 0.512105
55 0.535233
56 0.575712
57 0.53451
58 0.494447
59 0.482194
60 0.481279
61 0.482759
62 0.465181
63 0.472084
64 0.542024
65 0.483967
66 0.490407
67 0.470197
68 0.458247
69 0.466149
70 0.460254
71 0.458416
72 0.465807
73 0.461138
1 0.43092
2 0.397625
3 0.370044
4 0.351475
5 0.352281
6 0.338344
7 0.347246
8 0.332425
9 0.335361
10 0.355593
11 0.345338
12 0.339846
13 0.383432
14 0.354216
15 0.971675
16 3.0131
17 3.89357
18 5.87615
19 7.85814
20 7.90248
21 6.34137
22 5.93897
23 5.64712
1 0.337321
2 0.315917
3 0.304623
4 0.307964
5 0.292724
6 0.277257
7 0.295873
8 0.305871
9 0.280654
10 0.283426
11 0.296056
12 0.29163
13 0.277929
14 0.281051
15 0.347098
16 0.34455
17 0.338461
18 0.3419
19 0.354157
20 0.345162
21 0.321709
22 0.338841
23 0.356506
24 0.366515
25 0.472435
26 0.391879
27 0.363534
28 0.340452
29 0.325871
30 0.338811
31 0.340855
32 0.331547
33 0.341838
34 0.34175
35 0.339994
36 0.335175
37 0.340899
1 0.401705
2 0.344416
3 0.327843
4 0.335111
5 0.31845
6 0.314097
7 0.31317
8 0.312951
9 0.311729
10 0.303464
11 0.317313
12 0.32705
13 0.318053
14 0.316937
15 0.887142
16 2.77052
17 3.62198
18 5.94673
1 2.08018
2 2.06015
3 1.81992
4 1.87746
5 1.93894
6 2.14159
7 1.93153
8 1.8371
9 1.95849
10 1.81202
11 1.88715
12 1.88503
13 1.84249
14 1.95643
15 3.11212
16 4.90224
17 6.37066
18 10.1438
19 11.8895
20 11.8174
21 11.0343
22 10.8262
23 9.07658
24 8.45838
25 7.86696
26 7.73824
27 7.73522
28 8.33377
29 7.53512
30 7.77053
31 7.38859
32 7.77826
33 8.19921
34 9.01061
35 10.2005
36 9.07272
37 14.9871
38 10.8145
39 10.7156
1 2.34462
2 2.13954
3 2.14651
4 2.15591
5 2.14988
6 2.09879
7 2.38966
8 2.23439
9 1.80019
10 1.80868
11 1.86272
12 1.74401
13 1.78274
14 1.77635
15 2.81367
16 4.63311
17 5.92528
18 13.6841
19 14.134
20 14.8195
21 13.1978
22 10.9308
23 10.4364
24 9.56249
25 9.70221
26 9.98116
27 11.2779
28 10.696
29 8.97392
30 9.14329
31 9.10632
32 8.54751
33 8.95131
34 9.02655
35 8.93209
36 8.79422
37 8.96763
1 2.54743
2 1.08215
3 1.02548
4 1.19718
5 1.04675
6 1.10564
7 0.969938
8 1.2988
9 1.05817
10 1.22551
11 1.06802
1 2.66687
2 2.55624
3 2.40443
4 2.35311
5 2.39951
6 2.37461
7 2.39665
8 2.45202
9 2.39187
10 2.41613
11 2.49149
1 2.65796
2 1.85428
3 1.82776
4 1.79107
5 1.7585
6 1.77476
7 1.69956
8 1.72933
9 1.75572
10 1.73418
11 1.73246
12 1.72546
13 1.74983
14 1.74148
15 2.73525
16 4.25357
17 5.7372
18 12.9528
19 12.7391
20 12.612
21 11.2676
22 9.64563
23 9.14899
24 8.45984
25 8.51336
26 8.76289
27 8.40552
28 8.11731
29 8.06003
30 7.70992
31 8.02793
32 8.38372
33 7.5791
34 8.84948
1 0.325696
2 0.344506
3 0.339776
4 0.367097
5 0.298353
6 0.270957
7 0.276129
8 0.29613
9 0.240555
10 0.248018
11 0.273454
12 0.250348
13 0.248645
14 0.271676
15 0.309545
16 0.297526
17 0.308156
18 0.3045
19 0.303085
20 0.307726
21 0.314988
22 0.330415
23 0.321739
24 0.295624
25 0.302561
26 0.316498
27 0.325151
28 0.295646
29 0.310623
30 0.309325
31 0.298302
32 0.313532
33 0.296583
34 0.28678
35 0.302285
36 0.339882
37 0.320443
38 0.303461
39 0.303663
40 0.304248
41 0.336905
42 0.335544
43 0.31522
44 0.307234
45 0.293083
46 0.29897
47 0.304612
48 0.300355
49 0.324597
50 0.309583
51 0.298814
52 0.305402
53 0.341879
54 0.406563
55 0.345981
56 0.364488
57 0.327029
