15 0.14 msec 11
16 0.07 msec 48
17 0.12 msec 115
18 0.22 msec 275
19 0.51 msec 496
20 1.71 msec 907
21 6.66 msec 1439
22 22.25 msec 2164
23 21.31 msec 3031
24 25.41 msec 4017
25 26.12 msec 5111
26 28.18 msec 6150
27 27.06 msec 6931
28 27.82 msec 7566
29 29.73 msec 8041
30 33.19 msec 8449
31 32.08 msec 8838
32 34.01 msec 9194
33 32.09 msec 9446
34 34.45 msec 9693
35 36.05 msec 10016
36 38.48 msec 10436
37 44.13 msec 10864
38 41.89 msec 11304
39 41.18 msec 11366
40 44.43 msec 11596
41 39.52 msec 11779
42 40.26 msec 12073
43 38.65 msec 12388
44 40.03 msec 12716
45 40.19 msec 13039
46 41.24 msec 13451
47 42.20 msec 13842
48 44.59 msec 14216
49 46.05 msec 14554
50 48.84 msec 14884
51 48.52 msec 15214
52 50.80 msec 15611
53 50.29 msec 16074
54 54.62 msec 16591
55 55.46 msec 17175
56 59.39 msec 17871
57 64.22 msec 18652
58 72.48 msec 19664
59 85.23 msec 20791
60 93.83 msec 22075
61 120.67 msec 23484
62 150.45 msec 24985
63 203.56 msec 26816
64 282.13 msec 28966
65 294.57 msec 29268
66 368.78 msec 30197
67 417.72 msec 30908
68 500.98 msec 31675
69 571.79 msec 32622
70 627.86 msec 33645
71 678.39 msec 34832
72 804.79 msec 36052
73 900.88 msec 37383
74 974.39 msec 38663
75 938.98 msec 39980
76 865.10 msec 41169
77 792.09 msec 42220
78 758.77 msec 43295
79 725.38 msec 44247
80 716.29 msec 45236
81 718.95 msec 46415
82 864.67 msec 47774
83 729.84 msec 49253
84 687.28 msec 51060
85 788.82 msec 52803
86 707.23 msec 54699
87 629.12 msec 56765
88 654.19 msec 58696
89 589.80 msec 60542
90 599.82 msec 62446
91 630.58 msec 64176
92 647.06 msec 66155
93 680.44 msec 68343
94 667.19 msec 68693
95 626.29 msec 69850
96 586.15 msec 71252
97 569.57 msec 72196
98 569.99 msec 72883
99 553.91 msec 73517
100 576.09 msec 74265
101 570.56 msec 75395
102 572.41 msec 76658
103 600.61 msec 77808
104 603.70 msec 79002
105 627.16 msec 80368
106 636.98 msec 81830
107 656.16 msec 83526
108 870.27 msec 85281
15 0.09 msec 11
16 0.08 msec 49
17 0.12 msec 121
18 0.21 msec 278
19 0.59 msec 547
20 1.52 msec 958
21 4.68 msec 1458
22 17.50 msec 2132
23 38.25 msec 2784
24 32.43 msec 3537
25 35.92 msec 4327
26 40.33 msec 5055
27 46.49 msec 5887
28 46.44 msec 6658
29 53.41 msec 7433
30 51.89 msec 8302
31 62.03 msec 9044
32 58.26 msec 9861
33 71.21 msec 10719
34 60.98 msec 11486
35 65.20 msec 12392
36 71.45 msec 13237
37 73.81 msec 14247
38 78.19 msec 15248
39 86.86 msec 16324
40 94.10 msec 17639
41 102.74 msec 18981
42 102.47 msec 20611
43 116.67 msec 22363
44 133.75 msec 24317
45 145.65 msec 26512
46 168.06 msec 28827
47 213.10 msec 31352
48 285.12 msec 34077
49 469.99 msec 36963
50 815.02 msec 39997
51 1.294 sec 43093
52 2.228 sec 46237
53 1.663 sec 49613
54 1.590 sec 52921
55 1.462 sec 56317
56 1.403 sec 59715
57 1.367 sec 63230
58 1.414 sec 66776
59 1.435 sec 70248
60 1.458 sec 73717
61 1.458 sec 77286
62 1.458 sec 77470
63 1.561 sec 77735
64 1.748 sec 78331
65 1.652 sec 78961
66 1.564 sec 79583
67 1.628 sec 80087
68 1.648 sec 80717
69 1.537 sec 81427
70 1.592 sec 82159
71 1.732 sec 82958
72 1.553 sec 83754
73 1.579 sec 84548
74 1.643 sec 85486
75 1.671 sec 86501
76 1.694 sec 87742
77 1.918 sec 89078
78 1.733 sec 90602
79 1.974 sec 92291
80 1.830 sec 94087
81 1.889 sec 95857
82 1.932 sec 97724
83 2.062 sec 99630
84 2.035 sec 101508
85 2.107 sec 103580
86 2.217 sec 105769
87 2.203 sec 108131
88 2.263 sec 110455
89 2.261 sec 112830
90 2.333 sec 115384
91 2.394 sec 117930
92 2.505 sec 120641
93 2.482 sec 123416
94 2.597 sec 126376
95 2.635 sec 129221
96 3.356 sec 132126
97 2.792 sec 135243
98 3.051 sec 138315
99 3.038 sec 141515
100 3.410 sec 144692
101 3.296 sec 147706
102 3.246 sec 150754
103 3.101 sec 154065
104 3.207 sec 157328
105 3.192 sec 160583
106 3.424 sec 163883
107 3.365 sec 166877
108 3.375 sec 170074
109 3.491 sec 173284
110 3.362 sec 176561
111 3.427 sec 179740
112 3.401 sec 183007
113 3.451 sec 185993
114 3.524 sec 189194
115 3.617 sec 192467
116 3.580 sec 195519
117 3.583 sec 198802
118 3.752 sec 201897
119 3.802 sec 204819
120 3.786 sec 205512
121 4.082 sec 206305
122 3.846 sec 206913
123 3.718 sec 207415
124 3.725 sec 207902
125 3.968 sec 208522
126 4.225 sec 209258
15 0.13 msec 10
16 0.07 msec 46
17 0.12 msec 112
18 0.34 msec 238
19 0.55 msec 402
20 1.63 msec 686
21 7.37 msec 980
22 10.32 msec 1238
23 10.39 msec 1416
24 10.71 msec 1502
25 11.28 msec 1538
26 12.06 msec 1636
27 14.17 msec 1772
28 13.86 msec 1874
29 14.91 msec 1918
30 16.06 msec 2052
31 18.39 msec 2110
32 16.88 msec 2076
33 16.00 msec 2044
34 15.35 msec 2000
35 14.84 msec 1942
36 15.22 msec 1914
37 14.02 msec 1894
38 15.90 msec 1912
39 14.27 msec 1870
40 15.16 msec 1840
41 13.22 msec 1858
42 13.69 msec 1876
43 13.79 msec 1912
44 14.12 msec 1944
45 13.42 msec 1946
46 14.91 msec 1984
47 14.48 msec 1998
48 13.58 msec 1996
49 14.40 msec 2026
50 14.40 msec 2036
51 15.18 msec 2092
52 15.26 msec 2116
53 15.68 msec 2152
54 16.03 msec 2184
55 16.09 msec 2244
56 22.53 msec 2372
57 21.29 msec 2514
58 18.18 msec 2620
59 19.23 msec 2832
60 23.77 msec 3154
61 22.26 msec 3226
62 21.58 msec 3264
63 23.87 msec 3324
64 22.98 msec 3362
65 23.06 msec 3454
66 29.41 msec 3554
67 25.89 msec 3654
68 27.91 msec 3802
69 33.82 msec 3994
70 31.98 msec 4220
71 32.50 msec 4488
72 32.14 msec 4564
73 31.43 msec 4646
74 33.28 msec 4700
75 33.72 msec 4846
76 40.06 msec 5020
77 41.10 msec 5184
78 41.32 msec 5328
79 48.09 msec 5520
80 45.37 msec 5766
81 49.19 msec 5866
82 50.20 msec 5972
83 54.52 msec 6082
84 51.93 msec 6276
85 59.87 msec 6496
86 60.43 msec 6718
87 66.17 msec 6944
88 71.78 msec 7028
89 87.15 msec 7172
90 72.82 msec 7304
91 78.27 msec 7534
92 84.37 msec 7748
93 89.34 msec 7928
15 0.08 msec 10
16 0.07 msec 46
17 0.10 msec 112
18 0.18 msec 238
19 0.40 msec 402
20 1.30 msec 686
21 3.30 msec 980
22 8.48 msec 1238
23 8.18 msec 1416
24 7.80 msec 1502
25 8.82 msec 1538
26 10.22 msec 1636
27 11.02 msec 1772
28 12.13 msec 1874
29 11.37 msec 1918
30 13.92 msec 2052
31 13.23 msec 2110
32 12.05 msec 2076
33 12.04 msec 2044
34 11.70 msec 2000
35 11.06 msec 1942
36 11.29 msec 1914
37 11.03 msec 1894
38 11.34 msec 1912
39 10.66 msec 1870
40 11.60 msec 1840
41 10.62 msec 1858
42 12.21 msec 1876
43 11.67 msec 1912
44 11.57 msec 1944
45 11.42 msec 1946
46 11.68 msec 1984
47 11.69 msec 1998
48 11.63 msec 1996
49 12.00 msec 2026
50 13.05 msec 2036
51 12.42 msec 2092
52 12.63 msec 2116
53 16.54 msec 2152
54 12.82 msec 2184
55 13.14 msec 2244
56 13.98 msec 2372
57 15.07 msec 2514
58 17.19 msec 2620
59 16.98 msec 2832
60 20.44 msec 3154
61 19.21 msec 3226
62 18.10 msec 3264
63 19.77 msec 3324
64 19.68 msec 3362
65 21.71 msec 3454
66 20.56 msec 3554
67 24.65 msec 3654
68 23.84 msec 3802
69 23.88 msec 3994
70 25.17 msec 4220
71 28.57 msec 4488
72 30.49 msec 4564
73 28.87 msec 4646
74 30.27 msec 4700
75 30.28 msec 4846
76 36.03 msec 5020
77 34.34 msec 5184
78 37.35 msec 5328
79 48.25 msec 5520
80 40.86 msec 5766
81 39.45 msec 5866
82 53.22 msec 5972
83 42.31 msec 6082
84 45.65 msec 6276
15 0.07 msec 10
16 0.08 msec 46
17 0.22 msec 112
18 0.18 msec 238
19 0.41 msec 402
20 1.27 msec 686
21 3.29 msec 980
22 9.34 msec 1238
23 8.06 msec 1416
24 7.85 msec 1502
25 9.05 msec 1538
26 9.93 msec 1636
27 11.94 msec 1772
28 12.66 msec 1874
15 1.11 msec 10
16 0.06 msec 46
17 0.11 msec 112
18 0.21 msec 238
19 0.50 msec 402
20 1.28 msec 686
21 3.79 msec 980
22 9.57 msec 1238
23 8.83 msec 1416
24 8.46 msec 1502
25 10.78 msec 1538
26 11.30 msec 1636
27 12.48 msec 1772
28 12.47 msec 1874
29 13.55 msec 1918
30 13.68 msec 2052
31 13.37 msec 2110
32 12.78 msec 2076
33 15.08 msec 2044
34 15.49 msec 2000
35 14.67 msec 1942
36 12.93 msec 1914
37 13.95 msec 1894
38 17.09 msec 1912
39 11.84 msec 1870
40 11.73 msec 1840
41 12.31 msec 1858
42 12.78 msec 1876
43 12.51 msec 1912
44 12.60 msec 1944
45 12.06 msec 1946
46 13.51 msec 1984
47 12.25 msec 1998
48 12.64 msec 1996
49 13.06 msec 2026
50 14.47 msec 2036
51 14.06 msec 2092
52 14.54 msec 2116
53 15.24 msec 2152
54 14.37 msec 2184
55 16.34 msec 2244
56 15.44 msec 2372
57 16.55 msec 2514
58 17.21 msec 2620
59 18.21 msec 2832
60 18.87 msec 3154
61 20.51 msec 3226
62 20.71 msec 3264
63 21.76 msec 3324
64 19.97 msec 3362
65 21.20 msec 3454
66 22.29 msec 3554
67 22.40 msec 3654
68 23.62 msec 3802
69 24.66 msec 3994
70 26.12 msec 4220
71 27.83 msec 4488
72 29.36 msec 4564
73 30.39 msec 4646
74 29.13 msec 4700
75 30.87 msec 4846
76 32.00 msec 5020
77 34.99 msec 5184
78 43.40 msec 5328
79 41.42 msec 5520
80 40.76 msec 5766
81 41.72 msec 5866
82 42.40 msec 5972
83 43.45 msec 6082
84 46.57 msec 6276
85 52.53 msec 6496
15 3.64 msec 10
16 0.15 msec 46
17 0.14 msec 116
18 0.23 msec 260
19 0.59 msec 460
20 2.01 msec 810
21 6.79 msec 1130
22 9.61 msec 1448
23 9.94 msec 1652
24 11.53 msec 1722
25 12.07 msec 1854
26 11.66 msec 1854
27 9.91 msec 1682
28 10.28 msec 1664
29 10.46 msec 1690
30 11.57 msec 1802
31 10.49 msec 1758
32 10.22 msec 1762
33 9.73 msec 1762
34 9.20 msec 1744
35 10.04 msec 1708
36 9.46 msec 1672
37 9.36 msec 1690
38 9.02 msec 1696
39 10.47 msec 1768
40 10.94 msec 1862
41 11.61 msec 1924
42 13.39 msec 2010
43 13.28 msec 2000
44 14.92 msec 1980
45 13.19 msec 2016
46 13.38 msec 2022
47 13.85 msec 2052
48 14.85 msec 2082
49 13.45 msec 2090
50 14.00 msec 2116
51 14.37 msec 2164
52 16.67 msec 2240
53 16.35 msec 2288
54 19.04 msec 2370
55 16.98 msec 2356
56 16.87 msec 2400
57 16.48 msec 2444
58 17.61 msec 2526
59 18.71 msec 2556
60 18.72 msec 2624
61 20.14 msec 2712
62 18.68 msec 2780
63 22.45 msec 2794
64 20.27 msec 2832
65 19.80 msec 2872
66 22.51 msec 2874
67 22.31 msec 2940
68 24.54 msec 3018
69 21.60 msec 3110
70 21.86 msec 3236
71 22.24 msec 3254
72 23.95 msec 3290
73 22.99 msec 3328
74 25.35 msec 3408
75 26.61 msec 3556
76 24.62 msec 3690
77 25.91 msec 3850
78 28.92 msec 4128
79 30.51 msec 4182
80 28.72 msec 4222
81 29.77 msec 4282
82 29.27 msec 4400
83 31.19 msec 4526
84 32.73 msec 4724
85 35.00 msec 4974
86 38.77 msec 5366
87 38.56 msec 5460
88 39.51 msec 5580
89 41.47 msec 5648
90 43.11 msec 5866
91 53.80 msec 6058
92 48.73 msec 6332
93 52.81 msec 6686
94 56.37 msec 7318
95 59.73 msec 7386
96 59.78 msec 7554
97 67.61 msec 7640
98 64.80 msec 7832
99 67.16 msec 8082
100 69.57 msec 8296
101 83.46 msec 8780
102 96.63 msec 9596
103 114.24 msec 10380
104 108.07 msec 10510
105 116.52 msec 10684
106 116.53 msec 10790
107 118.99 msec 10932
108 128.15 msec 11184
109 137.67 msec 11450
110 170.99 msec 12030
111 207.95 msec 13000
112 211.21 msec 13080
113 199.77 msec 13204
114 217.20 msec 13354
115 209.66 msec 13546
116 265.57 msec 13764
117 305.92 msec 14052
118 371.12 msec 14552
119 456.05 msec 15436
120 571.01 msec 16030
121 608.23 msec 16130
122 632.15 msec 15988
123 629.30 msec 16068
124 495.11 msec 15886
125 432.97 msec 15546
126 402.40 msec 15190
127 390.98 msec 14878
128 390.53 msec 14672
129 404.67 msec 14584
130 372.37 msec 14670
131 392.19 msec 14550
132 358.91 msec 14452
133 385.83 msec 14478
134 362.27 msec 14368
135 367.29 msec 14368
136 345.40 msec 14198
137 340.59 msec 14172
138 329.05 msec 14158
139 331.61 msec 14172
140 328.87 msec 14256
141 318.63 msec 14302
142 327.06 msec 14240
143 338.10 msec 14228
144 333.27 msec 14248
145 299.76 msec 14190
146 331.12 msec 14318
147 317.05 msec 14318
148 342.94 msec 14104
149 318.53 msec 13972
150 309.46 msec 14026
151 328.29 msec 14354
152 311.00 msec 14232
153 312.79 msec 14134
154 323.74 msec 14176
155 322.91 msec 14310
156 315.78 msec 14262
157 308.31 msec 14216
158 317.00 msec 14224
159 320.59 msec 14552
160 350.60 msec 14682
161 326.37 msec 14600
162 318.80 msec 14508
163 335.05 msec 14290
164 322.27 msec 14322
165 334.74 msec 14344
166 307.61 msec 14212
167 307.99 msec 14618
168 322.44 msec 14706
169 321.52 msec 14926
170 332.33 msec 15114
171 348.01 msec 15062
172 326.05 msec 14922
173 316.38 msec 14690
174 352.01 msec 14446
175 321.51 msec 14714
176 352.33 msec 15426
177 365.53 msec 15494
178 356.97 msec 15418
179 366.48 msec 15428
180 375.10 msec 15340
181 356.11 msec 15476
182 363.26 msec 15546
183 365.53 msec 15738
184 377.29 msec 15634
185 378.37 msec 15672
186 402.31 msec 15558
187 359.71 msec 15730
188 370.46 msec 15760
189 394.70 msec 15652
190 390.38 msec 15786
191 394.83 msec 15724
192 384.10 msec 15848
193 367.49 msec 15902
194 364.79 msec 15564
195 348.93 msec 15084
196 372.34 msec 15346
197 363.68 msec 15462
198 385.64 msec 15364
199 380.22 msec 15440
200 419.14 msec 16002
201 406.54 msec 15832
202 403.78 msec 15786
203 385.10 msec 15694
204 434.37 msec 15686
205 402.65 msec 15730
206 504.18 msec 16166
207 406.82 msec 16336
208 410.68 msec 16492
209 464.97 msec 16940
210 434.61 msec 16912
211 462.85 msec 16990
212 448.01 msec 17136
213 448.25 msec 17498
214 491.17 msec 17692
215 451.49 msec 17750
216 495.73 msec 18296
217 540.49 msec 18680
218 490.63 msec 18422
219 476.92 msec 18392
220 480.96 msec 18066
221 506.17 msec 18262
222 508.16 msec 18806
223 528.07 msec 18882
224 538.44 msec 18894
225 496.93 msec 18846
226 513.30 msec 18854
227 513.03 msec 18958
228 534.48 msec 19550
229 552.56 msec 19692
230 562.55 msec 19756
231 534.47 msec 19734
232 561.53 msec 19816
233 556.19 msec 19794
234 583.99 msec 19838
235 586.76 msec 19890
236 586.16 msec 20118
237 606.15 msec 20102
238 606.09 msec 20062
239 569.69 msec 20152
240 563.03 msec 19968
241 556.32 msec 20112
242 565.98 msec 20142
243 598.34 msec 20460
244 579.80 msec 20536
245 587.78 msec 20536
246 582.37 msec 20578
247 596.80 msec 20564
248 592.93 msec 20682
249 628.29 msec 21288
250 635.33 msec 21588
251 641.58 msec 21722
252 630.66 msec 21630
253 639.05 msec 21698
254 619.42 msec 21726
255 643.76 msec 21766
256 780.96 msec 22196
257 684.64 msec 22506
258 656.85 msec 22606
259 751.95 msec 22524
260 701.24 msec 22544
261 806.29 msec 22536
262 720.94 msec 23310
263 726.88 msec 23592
264 721.92 msec 23608
265 765.32 msec 23618
266 743.03 msec 23788
267 755.70 msec 24072
268 775.41 msec 24392
269 776.24 msec 24434
270 794.31 msec 24364
271 781.64 msec 24428
272 762.23 msec 24540
273 845.66 msec 25640
274 856.58 msec 25904
275 845.20 msec 25850
276 844.00 msec 25852
277 850.78 msec 25708
278 835.72 msec 25812
279 898.26 msec 27112
280 1.185 sec 27326
281 1.246 sec 27024
282 1.495 sec 27074
283 966.85 msec 26806
284 1.231 sec 27060
285 941.73 msec 27882
286 982.04 msec 28044
287 1.047 sec 27760
288 928.87 msec 27826
289 965.82 msec 27730
290 1.421 sec 28078
291 937.21 msec 28338
292 942.20 msec 28150
293 947.47 msec 28334
294 994.15 msec 29086
295 1.102 sec 29626
296 1.023 sec 29864
297 1.023 sec 29364
298 998.00 msec 29504
299 1.058 sec 29836
300 1.337 sec 30062
301 1.197 sec 30142
302 1.027 sec 29916
303 981.26 msec 30104
304 1.113 sec 30884
305 1.119 sec 30902
306 1.110 sec 30776
307 1.282 sec 30402
308 991.73 msec 30740
309 1.385 sec 31214
310 1.274 sec 30972
311 1.242 sec 30850
312 1.217 sec 30582
313 1.098 sec 31354
314 1.226 sec 31770
315 1.190 sec 31456
316 1.250 sec 31266
317 1.137 sec 31008
318 1.159 sec 32214
319 1.176 sec 32180
320 1.122 sec 31396
321 1.142 sec 31440
322 1.159 sec 31326
323 1.203 sec 32708
324 1.238 sec 32242
325 1.192 sec 31860
326 1.166 sec 31896
327 1.201 sec 31924
328 1.205 sec 33168
329 1.287 sec 32986
330 1.234 sec 32592
331 1.689 sec 32802
332 1.228 sec 33398
333 1.276 sec 34178
334 1.322 sec 34400
335 1.311 sec 34464
336 1.357 sec 34634
337 1.445 sec 35712
338 1.297 sec 35512
339 1.508 sec 36092
340 1.440 sec 36380
341 1.429 sec 35722
342 1.462 sec 36476
343 1.397 sec 36048
344 1.627 sec 36884
1 24.945 sec 2097152
2 22.936 sec 2097152
3 22.481 sec 2097152
4 22.420 sec 2097152
5 22.336 sec 2097152
6 23.102 sec 2097152
7 25.952 sec 2097152
8 21.586 sec 2097152
9 21.915 sec 2097152
10 23.390 sec 2097152
11 24.731 sec 2097152
12 24.496 sec 2097152
13 24.898 sec 2097152
14 29.423 sec 2097152
15 31.477 sec 2097152
16 33.212 sec 2097152
17 30.856 sec 2097152
18 23.492 sec 2097152
19 23.750 sec 2097152
20 31.676 sec 2097152
21 42.066 sec 2097152
22 29.058 sec 2097152
23 29.784 sec 2097152
24 29.411 sec 2097152
25 26.509 sec 2097152
26 28.168 sec 2097152
27 29.074 sec 2097152
28 29.754 sec 2097152
29 25.538 sec 2097152
30 25.089 sec 2097152
31 25.789 sec 2097152
32 26.398 sec 2097152
33 42.379 sec 2097151
34 43.967 sec 2097151
35 42.551 sec 2097151
36 43.251 sec 2097151
37 44.369 sec 2097151
38 47.640 sec 2097151
39 41.326 sec 2097151
40 40.792 sec 2097151
41 45.187 sec 2097151
42 46.786 sec 2097151
43 49.056 sec 2097151
44 45.903 sec 2097151
45 45.872 sec 2097151
46 50.184 sec 2097151
47 46.154 sec 2097151
48 42.832 sec 2097151
49 48.440 sec 2097151
50 41.936 sec 2097151
51 40.606 sec 2097151
52 44.491 sec 2097151
53 41.741 sec 2097151
54 43.456 sec 2097151
55 45.140 sec 2097151
56 45.306 sec 2097151
57 42.981 sec 2097151
58 44.485 sec 2097151
59 53.657 sec 2097151
60 48.447 sec 2097151
61 41.061 sec 2097151
62 42.886 sec 2097151
63 42.871 sec 2097151
64 78.124 sec 2097145
65 71.801 sec 2097118
66 73.036 sec 2097117
67 95.353 sec 2097116
15 1.13 msec 10
16 0.06 msec 46
17 0.10 msec 108
18 0.12 msec 234
19 0.42 msec 394
20 1.56 msec 706
21 10.90 msec 994
22 18.24 msec 1252
23 13.64 msec 1452
24 11.17 msec 1402
25 9.78 msec 1302
26 11.94 msec 1270
27 10.40 msec 1280
28 10.54 msec 1328
29 8.58 msec 1326
30 7.55 msec 1222
31 7.49 msec 1162
32 7.40 msec 1160
33 7.95 msec 1184
34 9.17 msec 1212
35 9.71 msec 1270
36 10.18 msec 1272
37 8.97 msec 1304
38 10.98 msec 1286
39 9.09 msec 1292
40 9.38 msec 1280
41 10.45 msec 1336
42 14.13 msec 1444
43 13.36 msec 1468
44 12.74 msec 1486
45 10.95 msec 1460
46 10.89 msec 1448
47 14.91 msec 1468
48 15.16 msec 1522
49 13.24 msec 1580
50 13.09 msec 1580
51 17.42 msec 1604
52 24.51 msec 1572
53 12.60 msec 1582
54 15.02 msec 1658
55 14.59 msec 1694
56 14.92 msec 1710
57 17.06 msec 1748
58 18.01 msec 1704
59 13.66 msec 1688
60 17.06 msec 1692
61 15.11 msec 1722
62 16.03 msec 1782
63 15.73 msec 1806
64 16.87 msec 1792
65 16.71 msec 1820
66 17.29 msec 1818
67 22.32 msec 1850
68 18.31 msec 1916
69 19.31 msec 1946
70 19.71 msec 1990
71 19.36 msec 1972
72 18.42 msec 1934
73 19.78 msec 1982
74 22.37 msec 2044
75 22.22 msec 2112
76 22.33 msec 2110
77 22.53 msec 2124
78 20.99 msec 2120
79 25.96 msec 2160
80 22.58 msec 2246
81 29.52 msec 2324
82 29.89 msec 2386
83 24.79 msec 2408
84 38.91 msec 2422
85 24.85 msec 2432
86 23.87 msec 2480
87 28.80 msec 2580
88 28.78 msec 2714
89 28.02 msec 2806
90 29.06 msec 2892
91 31.68 msec 2948
92 29.45 msec 3014
93 37.67 msec 3102
94 32.06 msec 3178
95 35.89 msec 3254
96 37.77 msec 3360
97 41.97 msec 3556
98 47.01 msec 3772
99 42.29 msec 3856
100 45.82 msec 3962
101 46.75 msec 4066
102 54.98 msec 4142
103 44.34 msec 4258
104 49.14 msec 4478
105 58.57 msec 4750
106 57.28 msec 5010
107 54.23 msec 5146
108 59.83 msec 5272
109 70.57 msec 5400
110 63.90 msec 5672
111 81.08 msec 5930
112 91.05 msec 6250
113 101.35 msec 6518
114 106.88 msec 6876
115 126.57 msec 7246
116 154.85 msec 7398
117 153.36 msec 7612
118 177.21 msec 7838
119 157.97 msec 8044
120 153.11 msec 8350
121 207.55 msec 8738
122 249.56 msec 9138
123 328.26 msec 9538
124 357.66 msec 9644
125 386.98 msec 9866
126 539.48 msec 10152
127 546.64 msec 10408
128 490.46 msec 10662
129 693.71 msec 11036
130 723.18 msec 11060
131 993.20 msec 11184
132 1.433 sec 11334
133 1.034 sec 11504
134 825.95 msec 11774
135 808.04 msec 11604
136 543.97 msec 11282
137 442.66 msec 10458
138 399.67 msec 10202
139 381.46 msec 10262
140 392.43 msec 10154
141 366.65 msec 10082
142 348.19 msec 9758
143 385.74 msec 9572
144 375.05 msec 9616
145 359.72 msec 9674
146 388.92 msec 9938
147 382.16 msec 10090
148 370.61 msec 10244
149 396.20 msec 10546
150 419.57 msec 10562
151 417.09 msec 10654
152 484.89 msec 10560
153 388.71 msec 10382
154 401.54 msec 10552
155 437.25 msec 10580
156 398.52 msec 10714
157 429.88 msec 10818
158 484.03 msec 10802
159 447.66 msec 11032
160 459.20 msec 11120
161 480.20 msec 11306
162 453.48 msec 11130
163 421.47 msec 10854
164 438.42 msec 10782
165 425.96 msec 10886
166 398.27 msec 11018
167 417.85 msec 11022
168 398.53 msec 11014
169 450.73 msec 11352
170 440.56 msec 11664
171 455.14 msec 11794
172 445.38 msec 11966
173 450.55 msec 11756
174 420.08 msec 11530
175 436.41 msec 11512
176 438.16 msec 11566
177 458.67 msec 11682
178 455.18 msec 11808
179 449.28 msec 11806
180 447.51 msec 11958
181 483.65 msec 12122
182 494.28 msec 12238
183 480.89 msec 12378
184 458.35 msec 12300
185 466.06 msec 12440
186 489.47 msec 12484
187 478.99 msec 12410
188 502.82 msec 12494
189 471.17 msec 12440
190 470.44 msec 12146
191 486.22 msec 12290
192 485.29 msec 12488
193 502.80 msec 12402
194 494.30 msec 12508
195 486.69 msec 12616
196 501.89 msec 12384
197 694.97 msec 12438
198 564.90 msec 12562
199 551.11 msec 12780
200 552.08 msec 13010
201 774.29 msec 13244
202 591.98 msec 13198
203 537.95 msec 12992
204 672.72 msec 13240
205 560.80 msec 13370
206 536.93 msec 13370
207 563.15 msec 13772
208 523.87 msec 13214
209 532.47 msec 12822
210 488.21 msec 12852
211 554.81 msec 13280
212 587.67 msec 13464
213 547.96 msec 13870
214 556.41 msec 13936
215 555.66 msec 13772
216 561.76 msec 13816
217 593.08 msec 14228
218 556.70 msec 13810
219 563.02 msec 13776
220 521.71 msec 13148
221 610.25 msec 15036
222 642.70 msec 15098
223 681.88 msec 15084
224 653.55 msec 15366
225 657.53 msec 14896
226 724.55 msec 16598
227 756.99 msec 16800
228 739.62 msec 16100
229 768.81 msec 17514
230 775.28 msec 17600
231 772.61 msec 17180
232 818.11 msec 17268
233 715.10 msec 16948
234 698.52 msec 16512
235 708.69 msec 16354
236 715.39 msec 16360
237 760.20 msec 16546
238 710.45 msec 16498
239 679.81 msec 16500
240 734.82 msec 16340
241 724.30 msec 16262
242 866.15 msec 16478
243 700.99 msec 16450
244 689.87 msec 16372
245 760.20 msec 16310
246 731.24 msec 16356
247 783.33 msec 16534
248 795.36 msec 16538
249 838.12 msec 16550
250 745.77 msec 16492
251 908.54 msec 16324
252 801.32 msec 16542
253 738.85 msec 16608
254 706.56 msec 16622
255 793.52 msec 16634
256 773.75 msec 16888
257 697.71 msec 16842
258 748.17 msec 16920
259 736.51 msec 16930
260 748.59 msec 17162
261 737.77 msec 17216
262 754.95 msec 17310
263 787.41 msec 17338
264 818.77 msec 17600
265 759.93 msec 17614
266 739.26 msec 17706
267 851.20 msec 17760
268 812.11 msec 17988
269 754.09 msec 17948
270 783.12 msec 18064
271 833.82 msec 18042
272 878.00 msec 18292
273 788.26 msec 18244
274 785.74 msec 18236
275 831.88 msec 18266
276 842.33 msec 18556
277 778.34 msec 18578
278 806.44 msec 18634
279 813.67 msec 18730
280 957.45 msec 18874
281 922.07 msec 18984
282 897.08 msec 18946
283 961.87 msec 19030
284 898.60 msec 19122
285 942.17 msec 19312
286 864.77 msec 19290
287 879.73 msec 19308
288 947.71 msec 19292
289 1.028 sec 20090
290 810.23 msec 20046
291 915.93 msec 20226
292 979.86 msec 20980
293 921.63 msec 20892
294 984.22 msec 21104
295 1.078 sec 22222
296 1.058 sec 21872
297 1.032 sec 22632
298 1.009 sec 22486
299 1.016 sec 22444
300 1.112 sec 22226
301 1.290 sec 22814
302 1.132 sec 22796
303 1.280 sec 23190
304 1.332 sec 24194
305 1.368 sec 23904
306 1.267 sec 24624
307 1.466 sec 24502
308 1.362 sec 25336
309 1.377 sec 24768
310 1.578 sec 25252
311 1.324 sec 25138
312 1.444 sec 25436
313 1.602 sec 26272
314 1.596 sec 26812
315 1.598 sec 26348
316 1.468 sec 26232
317 1.770 sec 28096
318 2.005 sec 28532
319 1.546 sec 27346
320 1.569 sec 28244
321 1.743 sec 28630
322 1.615 sec 29410
323 1.445 sec 27962
324 1.739 sec 30316
325 1.710 sec 30974
326 1.589 sec 29384
327 1.692 sec 30150
328 1.700 sec 30046
329 1.626 sec 29518
330 1.696 sec 30098
331 1.808 sec 31548
332 1.905 sec 31156
333 1.871 sec 31838
334 1.697 sec 31278
335 1.920 sec 31806
336 2.039 sec 32810
337 1.799 sec 31716
338 1.995 sec 32702
339 2.055 sec 33850
340 1.979 sec 32638
341 2.132 sec 33486
342 1.928 sec 32552
343 2.140 sec 34210
344 2.213 sec 35968
345 2.274 sec 34392
346 2.687 sec 35878
347 2.503 sec 34212
348 2.757 sec 35392
349 2.441 sec 34068
350 2.725 sec 36412
351 4.155 sec 37608
352 2.769 sec 35462
353 2.775 sec 36608
354 2.540 sec 34876
355 3.015 sec 37274
356 2.660 sec 38382
357 2.581 sec 36040
358 2.659 sec 37286
359 2.393 sec 35594
360 2.598 sec 38306
361 2.508 sec 38748
362 2.513 sec 36498
363 2.489 sec 37520
364 2.713 sec 35832
365 3.145 sec 38200
366 2.909 sec 38454
367 3.000 sec 36236
368 2.690 sec 37432
369 2.435 sec 35862
370 2.497 sec 37014
371 2.984 sec 38196
372 2.532 sec 36754
373 3.060 sec 39000
374 2.268 sec 37866
375 2.559 sec 37064
376 2.465 sec 37980
377 2.281 sec 37170
378 2.685 sec 38826
379 2.589 sec 39234
380 2.588 sec 37678
381 2.525 sec 38344
382 2.410 sec 37496
383 2.803 sec 39758
384 2.527 sec 38384
385 2.675 sec 38318
386 2.597 sec 39208
387 2.540 sec 38150
388 2.625 sec 39284
389 3.412 sec 38540
390 2.918 sec 40824
391 3.099 sec 40486
392 2.973 sec 39088
393 2.863 sec 39772
394 2.577 sec 38992
395 3.333 sec 41054
396 3.084 sec 40504
397 2.851 sec 38976
398 3.563 sec 40560
399 2.621 sec 39420
