15 0.08 msec 7
16 0.06 msec 32
17 0.06 msec 79
18 0.13 msec 143
19 0.26 msec 232
20 0.61 msec 355
21 1.03 msec 458
22 1.49 msec 611
23 1.75 msec 763
24 1.72 msec 919
25 1.71 msec 1060
26 2.13 msec 1243
27 2.02 msec 1382
28 2.24 msec 1553
29 2.33 msec 1697
30 2.55 msec 1836
31 2.97 msec 2018
32 3.02 msec 2137
33 3.21 msec 2242
34 3.57 msec 2354
35 4.03 msec 2468
36 3.84 msec 2573
37 5.02 msec 2689
38 4.43 msec 2795
39 4.28 msec 2933
40 4.82 msec 3070
41 5.45 msec 3233
42 5.50 msec 3390
43 5.87 msec 3587
44 5.87 msec 3786
45 8.90 msec 4056
46 8.14 msec 4313
47 11.06 msec 4683
48 13.57 msec 5044
49 18.62 msec 5393
50 24.97 msec 5845
51 43.08 msec 6224
52 60.35 msec 6608
53 64.02 msec 7041
54 67.77 msec 7447
55 71.27 msec 7897
56 70.43 msec 8291
57 65.17 msec 8700
58 63.41 msec 9064
59 64.08 msec 9416
60 64.63 msec 9755
61 62.76 msec 10036
62 60.22 msec 10375
63 61.22 msec 10689
64 62.60 msec 10964
65 62.41 msec 11269
66 58.44 msec 11567
67 56.89 msec 11900
68 59.04 msec 12201
69 60.02 msec 12564
70 61.51 msec 12918
71 60.13 msec 13244
72 63.83 msec 13638
73 68.29 msec 13988
74 72.64 msec 14341
75 73.62 msec 14658
76 77.76 msec 14984
77 72.57 msec 15382
78 74.11 msec 15715
79 75.94 msec 16047
80 94.26 msec 16370
81 74.55 msec 16701
82 74.50 msec 16721
83 83.02 msec 16759
84 74.23 msec 16825
85 70.58 msec 16931
86 76.83 msec 17008
87 75.89 msec 17076
88 74.47 msec 17136
89 76.24 msec 17186
90 79.06 msec 17231
91 76.50 msec 17264
92 78.95 msec 17332
93 79.29 msec 17386
94 80.04 msec 17465
95 79.03 msec 17519
96 79.73 msec 17604
97 80.47 msec 17686
98 79.51 msec 17770
99 79.73 msec 17864
100 79.74 msec 17985
101 81.93 msec 18097
102 82.18 msec 18248
103 81.51 msec 18380
104 86.72 msec 18525
105 83.78 msec 18672
106 83.53 msec 18840
107 83.96 msec 18999
108 83.98 msec 19173
109 79.02 msec 19390
110 85.73 msec 19584
111 106.88 msec 19764
112 83.83 msec 19947
113 83.86 msec 20124
114 85.51 msec 20279
115 85.94 msec 20449
116 86.31 msec 20611
117 86.93 msec 20773
118 83.05 msec 20924
119 87.14 msec 21095
120 96.64 msec 21299
121 89.73 msec 21497
122 90.65 msec 21691
123 95.68 msec 21874
124 96.06 msec 22087
125 91.56 msec 22310
126 98.47 msec 22566
127 99.66 msec 22826
128 95.16 msec 22896
129 94.20 msec 22978
130 94.11 msec 23077
131 96.31 msec 23185
132 114.68 msec 23300
133 107.21 msec 23404
134 96.46 msec 23496
135 95.65 msec 23617
136 99.46 msec 23723
137 96.45 msec 23831
138 98.35 msec 23936
139 96.51 msec 24037
140 95.82 msec 24134
141 102.41 msec 24249
142 103.21 msec 24376
143 97.96 msec 24503
144 101.90 msec 24603
145 100.94 msec 24731
146 99.23 msec 24855
147 102.83 msec 24963
148 100.07 msec 25075
149 101.28 msec 25212
150 102.90 msec 25328
151 100.27 msec 25431
152 103.86 msec 25550
153 103.88 msec 25700
154 101.76 msec 25804
155 104.06 msec 25918
156 103.84 msec 26028
157 100.50 msec 26171
158 102.34 msec 26288
159 104.77 msec 26418
160 105.14 msec 26576
161 105.53 msec 26754
162 106.46 msec 26918
163 106.66 msec 27097
164 108.88 msec 27268
165 105.78 msec 27464
166 108.90 msec 27647
167 109.13 msec 27830
168 115.09 msec 27987
169 114.42 msec 28228
170 108.73 msec 28399
171 114.87 msec 28576
172 137.68 msec 28778
173 168.39 msec 28983
174 128.62 msec 29198
175 111.58 msec 29414
176 121.97 msec 29634
177 124.25 msec 29829
178 116.41 msec 30056
179 114.20 msec 30288
180 113.78 msec 30501
181 124.30 msec 30658
182 121.61 msec 30815
183 119.91 msec 30971
184 121.92 msec 31107
185 128.38 msec 31231
186 124.08 msec 31337
187 120.39 msec 31484
188 115.04 msec 31606
189 129.31 msec 31774
190 120.84 msec 31922
191 118.29 msec 32055
192 123.47 msec 32222
193 125.18 msec 32367
194 125.34 msec 32497
195 125.31 msec 32642
196 124.06 msec 32753
197 122.88 msec 32871
198 124.19 msec 32983
199 125.05 msec 33077
200 132.36 msec 33176
201 129.46 msec 33296
202 129.68 msec 33428
203 143.42 msec 33525
204 131.05 msec 33658
205 143.29 msec 33805
206 132.30 msec 33931
207 141.96 msec 34046
208 137.76 msec 34180
209 142.15 msec 34300
210 153.46 msec 34424
211 147.87 msec 34575
212 137.26 msec 34751
213 132.81 msec 34880
214 143.02 msec 35057
215 141.28 msec 35237
216 140.02 msec 35403
217 140.75 msec 35557
218 139.64 msec 35750
219 140.44 msec 35911
220 171.17 msec 36118
221 143.99 msec 36279
222 142.79 msec 36458
223 142.33 msec 36624
224 154.75 msec 36800
225 144.58 msec 36942
226 153.76 msec 37122
227 145.41 msec 37269
228 150.67 msec 37431
229 150.05 msec 37575
230 145.32 msec 37741
231 145.17 msec 37918
232 154.50 msec 38072
233 156.30 msec 38201
234 157.76 msec 38344
235 147.61 msec 38487
236 153.01 msec 38651
237 153.80 msec 38811
238 159.34 msec 39014
239 158.68 msec 39186
240 157.62 msec 39407
241 153.06 msec 39579
242 159.26 msec 39814
243 165.25 msec 40001
244 163.39 msec 40254
245 162.41 msec 40454
246 164.02 msec 40643
247 166.23 msec 40881
248 170.08 msec 41153
249 211.01 msec 41452
250 172.56 msec 41713
251 167.55 msec 41913
252 174.04 msec 42080
253 172.89 msec 42219
254 168.66 msec 42322
255 171.42 msec 42430
256 171.77 msec 42527
257 169.79 msec 42604
258 174.77 msec 42726
259 174.87 msec 42857
260 174.14 msec 42983
261 174.13 msec 43092
262 161.91 msec 43219
263 157.21 msec 43324
264 165.05 msec 43482
265 191.59 msec 43641
266 209.04 msec 43790
267 184.67 msec 43956
268 183.28 msec 44101
269 203.85 msec 44250
270 211.92 msec 44436
271 164.95 msec 44622
272 205.00 msec 44780
273 181.75 msec 44932
274 196.93 msec 45069
275 170.80 msec 45251
276 201.76 msec 45456
277 196.11 msec 45622
278 188.61 msec 45782
279 207.68 msec 45948
280 168.21 msec 46116
281 193.66 msec 46279
282 194.23 msec 46438
283 200.10 msec 46569
284 211.92 msec 46693
285 195.27 msec 46828
286 246.29 msec 46970
287 207.59 msec 47109
288 213.34 msec 47253
289 201.35 msec 47397
290 202.48 msec 47548
291 208.15 msec 47685
292 213.69 msec 47824
293 218.46 msec 47962
294 180.33 msec 48107
295 211.03 msec 48266
296 229.86 msec 48437
297 215.17 msec 48598
298 212.02 msec 48779
299 220.44 msec 48979
300 235.56 msec 49172
301 221.46 msec 49329
302 237.17 msec 49500
303 224.69 msec 49729
304 187.07 msec 49956
305 213.50 msec 50127
17 1.17 msec 8
18 0.01 msec 24
19 0.01 msec 49
20 0.02 msec 108
21 0.06 msec 174
22 0.03 msec 251
23 0.05 msec 337
24 0.05 msec 454
25 0.05 msec 548
26 0.06 msec 659
27 0.07 msec 792
28 0.20 msec 913
29 0.16 msec 1021
30 0.12 msec 1142
31 0.16 msec 1293
32 0.15 msec 1381
33 0.17 msec 1498
34 0.15 msec 1642
35 0.17 msec 1768
1 92.79 msec 262144
2 72.36 msec 262144
3 60.54 msec 262144
4 73.92 msec 262144
1 63.24 msec 262144
2 73.41 msec 262144
3 65.11 msec 262144
4 59.91 msec 262144
5 53.86 msec 262144
6 58.69 msec 262144
7 51.65 msec 262144
8 64.13 msec 262144
9 50.46 msec 262144
10 67.99 msec 262144
11 52.46 msec 262144
12 63.53 msec 262144
13 52.12 msec 262144
14 55.88 msec 262144
15 2.538 sec 262143
16 3.798 sec 262140
17 6.332 sec 262136
1 63.63 msec 262144
2 71.41 msec 262144
3 77.65 msec 262144
4 61.69 msec 262144
1 87.22 msec 262144
2 2.039 sec 262144
3 1.901 sec 262144
1 84.16 msec 262144
2 2.103 sec 262144
3 1.756 sec 262144
1 2.259 sec 262144
2 1.981 sec 262144
1 2.651 sec 262144
2 2.036 sec 262144
3 1.896 sec 262144
4 1.886 sec 262144
5 1.760 sec 262144
6 2.158 sec 262144
7 2.139 sec 262144
8 2.241 sec 262144
9 1.927 sec 262144
10 2.320 sec 262144
11 1.979 sec 262144
12 2.268 sec 262144
15 522.02 msec 63921
15 0.06 msec 6
15 0.07 msec 6
1 2.144 sec 262144
1 2.362 sec 262144
1 2.579 sec 262144
1 2.573 sec 262144
1 2.670 sec 262144
1 2.329 sec 262144
1 2.871 sec 262144
2 2.841 sec 262144
3 2.075 sec 262144
15 661.41 msec 64897
16 2.485 sec 117289
15 0.18 msec 6
16 0.14 msec 28
17 0.06 msec 72
18 0.12 msec 122
19 0.25 msec 190
20 0.61 msec 258
21 1.25 msec 300
22 2.47 msec 370
23 2.58 msec 432
24 2.59 msec 454
25 2.96 msec 498
26 3.26 msec 548
27 3.23 msec 570
28 3.15 msec 602
29 2.97 msec 630
30 3.38 msec 666
31 3.55 msec 684
32 4.07 msec 714
33 3.67 msec 750
34 4.00 msec 782
35 6.03 msec 788
36 4.88 msec 836
37 7.50 msec 878
38 5.12 msec 906
39 4.98 msec 944
40 5.59 msec 1030
41 6.20 msec 1122
42 6.45 msec 1206
43 7.16 msec 1316
44 8.19 msec 1456
45 9.93 msec 1598
46 10.66 msec 1760
47 15.02 msec 1998
48 14.45 msec 2170
49 22.11 msec 2332
50 26.29 msec 2608
51 45.44 msec 2788
52 61.17 msec 2998
53 84.66 msec 3172
54 127.29 msec 3364
55 148.51 msec 3520
56 218.25 msec 3702
57 235.69 msec 3906
58 247.67 msec 4038
59 197.34 msec 4248
60 167.45 msec 4368
61 171.67 msec 4498
62 144.51 msec 4620
63 148.47 msec 4760
64 140.18 msec 4888
65 133.06 msec 4994
66 118.75 msec 5118
15 1.02 msec 6
16 0.08 msec 28
17 0.06 msec 72
18 0.18 msec 128
19 0.22 msec 190
20 0.43 msec 256
21 0.92 msec 310
22 1.51 msec 372
23 2.01 msec 430
24 1.83 msec 454
25 1.91 msec 486
26 1.88 msec 512
27 2.76 msec 518
28 1.91 msec 534
29 1.88 msec 512
30 1.89 msec 522
31 2.02 msec 520
32 2.07 msec 536
33 2.05 msec 544
34 2.41 msec 544
35 2.11 msec 578
36 2.42 msec 600
37 2.47 msec 620
38 2.82 msec 668
39 2.98 msec 700
40 3.13 msec 760
41 3.47 msec 846
42 3.86 msec 928
43 4.09 msec 1032
44 4.92 msec 1162
45 5.01 msec 1320
46 5.93 msec 1466
47 6.85 msec 1674
48 8.22 msec 1856
49 11.89 msec 2054
50 22.59 msec 2318
51 36.61 msec 2542
52 48.99 msec 2762
53 81.58 msec 2972
54 120.21 msec 3168
55 151.59 msec 3386
56 169.26 msec 3610
57 143.15 msec 3774
58 118.58 msec 3906
59 100.54 msec 4024
60 90.50 msec 4124
61 80.48 msec 4078
62 70.61 msec 4066
63 65.66 msec 4030
64 68.86 msec 3954
65 59.03 msec 3880
66 57.72 msec 3878
67 56.02 msec 3896
68 59.13 msec 3884
69 55.58 msec 3864
70 56.37 msec 3848
71 58.43 msec 3852
72 60.71 msec 3854
73 54.94 msec 3824
15 531.92 msec 63471
16 2.550 sec 128426
17 3.420 sec 131453
18 5.395 sec 132128
19 7.383 sec 134077
20 7.421 sec 136034
21 5.878 sec 136214
22 5.461 sec 136459
23 5.090 sec 136353
15 0.06 msec 6
16 0.07 msec 28
17 0.05 msec 72
18 0.15 msec 128
19 0.31 msec 190
20 0.45 msec 256
21 0.94 msec 310
22 1.57 msec 372
23 1.98 msec 430
24 2.23 msec 454
25 2.45 msec 486
26 2.20 msec 512
27 1.96 msec 518
28 1.87 msec 534
29 1.98 msec 512
30 1.90 msec 522
31 1.94 msec 520
32 2.00 msec 536
33 2.05 msec 544
34 2.03 msec 544
35 2.38 msec 578
36 2.48 msec 600
37 2.45 msec 620
15 483.74 msec 58944
16 2.334 sec 121297
17 3.173 sec 124340
18 5.487 sec 124950
1 1.609 sec 262144
2 1.627 sec 262144
3 1.400 sec 262144
4 1.465 sec 262144
5 1.523 sec 262144
6 1.700 sec 262144
7 1.487 sec 262144
8 1.416 sec 262144
9 1.530 sec 262144
10 1.380 sec 262144
11 1.470 sec 262144
12 1.466 sec 262144
13 1.419 sec 262144
14 1.547 sec 262144
15 2.676 sec 262143
16 4.451 sec 262140
17 5.934 sec 262132
18 9.734 sec 262118
19 11.470 sec 262080
20 11.396 sec 262018
21 10.613 sec 261943
22 10.398 sec 261849
23 8.621 sec 261733
24 8.007 sec 261609
25 7.435 sec 261485
26 7.305 sec 261326
27 7.312 sec 261198
28 7.904 sec 261028
29 7.104 sec 260843
30 7.337 sec 260685
31 6.964 sec 260480
32 7.360 sec 260288
33 7.717 sec 260065
34 8.561 sec 259826
35 9.747 sec 259599
36 8.550 sec 259318
37 14.060 sec 259026
38 10.330 sec 258649
39 10.289 sec 258208
1 1.806 sec 262144
2 1.693 sec 262144
3 1.679 sec 262144
4 1.704 sec 262144
5 1.703 sec 262144
6 1.651 sec 262144
7 1.919 sec 262144
8 1.780 sec 262144
9 1.394 sec 262144
10 1.382 sec 262144
11 1.448 sec 262144
12 1.338 sec 262144
13 1.376 sec 262144
14 1.371 sec 262144
15 2.401 sec 262143
16 4.175 sec 262140
17 5.522 sec 262137
18 13.269 sec 262115
19 13.727 sec 262086
20 14.390 sec 262005
21 12.791 sec 261905
22 10.521 sec 261786
23 10.033 sec 261635
24 9.144 sec 261493
25 9.294 sec 261367
26 9.560 sec 261195
27 10.833 sec 261034
28 10.266 sec 260895
29 8.563 sec 260734
30 8.733 sec 260583
31 8.701 sec 260426
32 8.142 sec 260298
33 8.561 sec 260137
34 8.599 sec 259964
35 8.500 sec 259822
36 8.369 sec 259665
37 8.522 sec 259492
1 1.940 sec 262144
2 525.00 msec 24064
3 522.50 msec 24064
4 619.75 msec 24064
5 496.41 msec 24064
6 550.02 msec 24064
7 475.25 msec 24064
8 725.80 msec 24064
9 506.05 msec 24064
10 659.49 msec 24064
11 531.04 msec 24064
1 1.935 sec 262144
2 1.971 sec 262144
3 1.827 sec 262144
4 1.794 sec 262144
5 1.817 sec 262144
6 1.809 sec 262144
7 1.814 sec 262144
8 1.890 sec 262144
9 1.830 sec 262144
10 1.848 sec 262144
11 1.888 sec 262144
1 2.072 sec 262144
2 1.416 sec 262144
3 1.423 sec 262144
4 1.387 sec 262144
5 1.354 sec 262144
6 1.371 sec 262144
7 1.295 sec 262144
8 1.316 sec 262144
9 1.342 sec 262144
10 1.333 sec 262144
11 1.335 sec 262144
12 1.316 sec 262144
13 1.341 sec 262144
14 1.340 sec 262144
15 2.333 sec 262143
16 3.854 sec 262140
17 5.338 sec 262137
18 12.536 sec 262115
19 12.336 sec 262086
20 12.201 sec 262005
21 10.861 sec 261905
22 9.248 sec 261786
23 8.732 sec 261635
24 8.051 sec 261493
25 8.102 sec 261367
26 8.354 sec 261195
27 7.996 sec 261034
28 7.707 sec 260895
29 7.656 sec 260734
30 7.298 sec 260583
31 7.596 sec 260426
32 7.965 sec 260298
33 7.173 sec 260137
34 8.441 sec 259964
15 0.07 msec 6
16 0.06 msec 28
17 0.07 msec 70
18 0.09 msec 120
19 0.17 msec 148
20 0.41 msec 198
21 0.64 msec 202
22 0.77 msec 230
23 0.87 msec 244
24 0.77 msec 250
25 0.84 msec 260
26 0.77 msec 254
27 0.78 msec 274
28 0.86 msec 296
29 0.89 msec 300
30 0.89 msec 306
31 0.91 msec 314
32 1.45 msec 334
33 1.01 msec 342
34 1.09 msec 344
35 1.04 msec 352
36 1.06 msec 358
37 1.07 msec 352
38 1.06 msec 362
39 1.19 msec 388
40 1.13 msec 434
41 1.67 msec 490
42 1.40 msec 570
43 1.55 msec 646
44 1.50 msec 716
45 1.72 msec 822
46 2.00 msec 932
47 2.35 msec 1044
48 3.31 msec 1184
49 4.14 msec 1278
50 7.27 msec 1398
51 11.12 msec 1522
52 13.62 msec 1566
53 28.03 msec 1674
54 39.12 msec 1762
55 46.03 msec 1860
56 45.69 msec 1882
57 34.27 msec 1854
15 0.99 msec 6
16 0.05 msec 28
17 0.07 msec 72
18 0.13 msec 124
19 0.20 msec 188
20 0.47 msec 252
21 0.93 msec 292
22 1.50 msec 354
23 1.76 msec 396
24 1.45 msec 408
25 1.32 msec 420
26 1.38 msec 410
27 1.21 msec 386
28 1.31 msec 412
29 1.34 msec 416
30 1.49 msec 432
31 1.34 msec 430
32 1.47 msec 460
33 1.75 msec 506
34 1.81 msec 516
35 1.93 msec 534
36 2.20 msec 552
37 2.03 msec 578
38 2.28 msec 608
39 2.30 msec 644
40 2.53 msec 726
41 2.85 msec 826
42 3.20 msec 918
43 3.35 msec 1014
44 3.67 msec 1120
45 4.50 msec 1294
46 6.42 msec 1458
47 7.49 msec 1670
48 12.59 msec 1848
49 13.82 msec 2052
50 23.83 msec 2304
51 43.06 msec 2486
52 57.83 msec 2660
53 88.48 msec 2830
54 118.02 msec 2986
55 136.65 msec 3100
56 120.62 msec 3228
57 105.02 msec 3330
58 73.43 msec 3366
59 61.98 msec 3412
60 59.45 msec 3412
61 55.29 msec 3404
62 52.79 msec 3392
63 48.71 msec 3374
64 50.13 msec 3352
65 48.78 msec 3358
66 47.61 msec 3362
67 51.32 msec 3370
68 50.26 msec 3374
69 48.02 msec 3350
70 48.45 msec 3308
71 46.92 msec 3280
72 46.49 msec 3248
73 46.58 msec 3230
74 47.92 msec 3222
75 45.66 msec 3184
76 49.81 msec 3174
77 46.10 msec 3158
78 47.59 msec 3170
79 46.07 msec 3156
80 44.99 msec 3166
81 47.33 msec 3202
82 46.08 msec 3226
83 48.25 msec 3262
84 51.86 msec 3258
85 46.26 msec 3262
86 50.63 msec 3294
87 53.82 msec 3330
88 54.18 msec 3348
89 47.78 msec 3400
90 52.54 msec 3430
91 52.84 msec 3444
92 51.38 msec 3472
93 51.87 msec 3490
94 53.47 msec 3536
95 56.45 msec 3580
96 59.72 msec 3658
97 57.09 msec 3710
98 59.62 msec 3760
99 58.27 msec 3822
100 65.84 msec 3876
101 74.42 msec 3932
102 70.69 msec 3992
103 64.15 msec 4046
104 65.21 msec 4120
105 67.15 msec 4190
106 70.80 msec 4256
107 75.56 msec 4282
108 73.48 msec 4330
109 70.82 msec 4358
110 75.45 msec 4422
111 72.62 msec 4486
112 74.09 msec 4508
113 77.06 msec 4528
114 77.92 msec 4558
115 72.66 msec 4558
116 75.54 msec 4556
117 71.71 msec 4534
118 71.77 msec 4510
119 70.61 msec 4518
120 78.83 msec 4528
121 77.25 msec 4566
122 72.95 msec 4580
123 74.78 msec 4580
124 77.49 msec 4588
125 78.83 msec 4606
126 78.99 msec 4620
127 78.90 msec 4646
128 77.50 msec 4674
129 78.48 msec 4732
130 84.78 msec 4758
131 78.42 msec 4794
132 84.96 msec 4818
133 83.60 msec 4836
134 80.01 msec 4844
135 82.90 msec 4862
136 99.61 msec 4900
137 84.28 msec 4896
138 83.82 msec 4922
139 83.32 msec 4972
140 85.33 msec 5006
141 89.39 msec 5022
142 85.35 msec 5054
143 85.65 msec 5082
144 92.17 msec 5118
145 94.80 msec 5136
146 90.11 msec 5140
147 87.89 msec 5202
148 94.52 msec 5248
149 94.77 msec 5268
150 99.54 msec 5302
151 96.46 msec 5354
152 106.32 msec 5376
153 107.65 msec 5384
154 100.78 msec 5382
155 97.45 msec 5394
156 93.49 msec 5412
157 92.79 msec 5410
158 92.71 msec 5418
159 92.96 msec 5402
160 90.43 msec 5416
161 94.82 msec 5424
162 91.99 msec 5432
163 95.94 msec 5444
164 91.12 msec 5498
165 94.91 msec 5518
166 95.79 msec 5514
167 95.85 msec 5508
168 93.37 msec 5544
169 95.95 msec 5542
170 91.35 msec 5540
171 92.64 msec 5564
172 90.80 msec 5584
173 93.98 msec 5606
174 93.80 msec 5560
175 98.62 msec 5574
176 96.21 msec 5556
177 94.26 msec 5606
178 108.02 msec 5584
179 94.94 msec 5630
180 92.99 msec 5612
181 92.51 msec 5628
182 94.18 msec 5652
183 93.10 msec 5686
184 98.46 msec 5688
185 92.74 msec 5760
186 93.71 msec 5776
187 97.91 msec 5772
188 95.83 msec 5774
189 95.50 msec 5814
190 95.01 msec 5814
191 96.68 msec 5804
192 97.76 msec 5844
193 101.66 msec 5866
194 97.23 msec 5888
195 104.67 msec 5902
196 96.63 msec 5908
197 97.61 msec 5932
198 100.37 msec 5932
199 96.51 msec 5920
200 97.56 msec 5928
201 112.95 msec 5926
202 109.67 msec 5892
203 102.63 msec 5824
204 97.79 msec 5786
205 104.25 msec 5796
206 104.60 msec 5810
207 99.15 msec 5852
208 101.50 msec 5910
209 102.72 msec 5980
210 103.70 msec 6030
211 106.30 msec 6074
212 100.23 msec 6076
213 105.00 msec 6078
214 105.62 msec 6096
215 107.90 msec 6094
216 107.93 msec 6116
217 109.87 msec 6098
218 104.43 msec 6094
219 108.89 msec 6082
220 104.57 msec 6094
221 100.78 msec 6120
222 104.40 msec 6138
223 110.38 msec 6202
224 104.95 msec 6284
225 106.70 msec 6334
226 108.88 msec 6356
227 114.18 msec 6354
228 106.39 msec 6338
229 106.60 msec 6340
230 105.80 msec 6318
231 106.67 msec 6318
232 108.86 msec 6324
233 104.23 msec 6252
234 103.29 msec 6190
235 103.91 msec 6184
236 110.18 msec 6174
237 102.24 msec 6222
238 154.04 msec 6334
239 114.38 msec 6438
240 116.68 msec 6526
241 113.04 msec 6584
242 138.67 msec 6584
243 124.47 msec 6622
