16 0.10 msec 24
17 0.06 msec 40
18 0.10 msec 124
19 0.13 msec 286
20 0.55 msec 592
21 1.00 msec 1046
22 5.15 msec 1810
23 10.74 msec 1988
24 31.14 msec 2298
25 84.64 msec 2816
26 161.69 msec 3412
27 125.25 msec 3952
28 106.39 msec 4026
29 105.65 msec 4060
30 89.99 msec 4440
31 76.68 msec 4296
32 78.91 msec 5056
33 80.17 msec 4898
34 76.63 msec 4874
35 72.45 msec 4990
36 77.69 msec 5090
37 131.49 msec 7236
38 121.06 msec 7262
39 154.47 msec 8486
40 149.17 msec 8506
41 180.86 msec 9698
42 181.20 msec 9814
43 189.40 msec 10178
44 192.14 msec 10068
45 234.87 msec 11588
46 255.09 msec 11622
47 245.14 msec 11764
48 258.80 msec 11840
49 242.65 msec 11820
50 251.13 msec 12074
51 266.16 msec 12020
52 240.47 msec 12254
53 248.84 msec 12324
54 271.09 msec 12426
55 265.40 msec 12698
56 273.27 msec 12726
57 284.45 msec 13030
58 444.41 msec 13024
59 288.77 msec 13312
60 288.61 msec 13324
61 260.49 msec 13610
62 306.66 msec 13604
63 324.82 msec 13872
64 299.01 msec 13828
65 295.24 msec 14096
66 298.04 msec 14098
67 303.50 msec 14308
68 307.42 msec 14362
69 517.97 msec 15632
70 671.44 msec 15746
71 617.09 msec 17304
72 711.30 msec 16684
73 768.27 msec 16776
74 1.178 sec 16510
75 709.75 msec 17330
76 479.30 msec 16734
77 667.25 msec 16612
78 451.04 msec 16304
79 681.05 msec 16988
80 446.81 msec 16598
81 549.22 msec 17152
82 462.43 msec 16714
83 588.77 msec 17268
84 472.96 msec 17294
85 529.85 msec 17906
86 514.35 msec 17444
87 598.76 msec 17976
88 519.51 msec 18052
89 670.86 msec 18660
90 544.21 msec 18258
91 788.32 msec 18832
92 554.67 msec 18884
93 509.46 msec 18958
94 542.15 msec 18444
95 593.42 msec 19170
96 516.42 msec 18648
97 529.09 msec 18838
98 539.48 msec 18968
99 563.98 msec 19144
100 533.28 msec 19380
101 502.65 msec 19490
102 510.86 msec 19726
103 481.91 msec 19860
104 477.68 msec 20222
105 467.01 msec 20314
106 509.58 msec 20968
107 531.04 msec 20986
108 527.42 msec 21242
109 528.31 msec 21482
110 629.61 msec 21942
111 568.03 msec 22266
112 613.99 msec 22410
113 574.76 msec 22634
114 619.84 msec 23134
115 637.28 msec 23474
116 651.22 msec 24002
117 591.72 msec 24372
118 669.06 msec 24986
119 700.80 msec 25392
120 710.57 msec 26048
121 809.97 msec 26594
122 824.15 msec 27264
123 1.227 sec 27880
124 891.32 msec 28686
125 879.02 msec 29388
126 941.56 msec 30268
127 1.059 sec 31012
128 1.007 sec 31970
129 1.075 sec 32796
130 1.184 sec 33844
131 1.233 sec 34838
132 1.241 sec 36106
133 1.357 sec 37260
134 1.373 sec 38618
135 1.627 sec 39674
136 1.893 sec 41092
137 1.711 sec 42334
138 1.860 sec 44038
139 1.982 sec 45552
140 2.299 sec 47544
141 3.258 sec 49098
142 3.075 sec 51438
143 4.848 sec 53102
144 3.930 sec 55926
145 5.249 sec 57584
146 6.955 sec 61040
147 9.751 sec 62668
148 10.353 sec 66542
149 13.797 sec 68368
150 19.559 sec 73760
151 23.970 sec 75810
152 20.596 sec 82426
153 17.162 sec 83656
154 25.786 sec 90304
155 21.679 sec 88604
156 24.002 sec 92034
157 20.820 sec 89558
158 21.870 sec 92630
159 22.439 sec 87250
160 19.917 sec 90668
161 16.995 sec 87398
162 17.300 sec 90556
163 14.180 sec 88360
164 14.013 sec 91370
165 12.556 sec 89830
166 11.166 sec 92744
167 11.421 sec 91630
168 12.576 sec 94570
169 11.157 sec 93638
170 10.537 sec 96634
171 10.581 sec 95746
172 12.433 sec 98860
173 10.753 sec 97922
174 14.212 sec 100488
175 11.240 sec 99670
176 12.264 sec 102432
177 13.177 sec 101958
178 15.017 sec 104392
179 13.128 sec 103664
180 12.004 sec 105756
181 12.294 sec 105398
