1 2.77971
2 3.58447
3 3.02415
4 3.00048
5 2.96483
6 3.08661
7 3.01203
8 3.10225
9 3.15773
10 3.06676
11 3.01249
12 3.03759
13 3.01706
14 3.00199
15 3.73859
16 3.50831
17 3.75259
18 3.54684
19 3.5476
20 3.52204
21 3.50701
22 3.88181
23 3.67317
24 4.06052
25 3.80363
26 3.66563
27 3.66101
28 3.6208
29 3.7986
30 3.65322
31 3.75911
32 3.81631
33 3.68072
34 3.83183
35 3.64688
36 3.61619
37 4.19637
38 3.77502
39 3.89793
40 3.85285
41 3.67985
42 3.65389
43 3.66568
44 3.648
45 3.68484
46 3.68049
47 3.85876
48 3.65692
49 3.71289
50 3.80651
51 3.6749
52 3.71913
53 3.74388
54 3.72038
55 3.84851
56 3.61263
57 3.63428
58 3.63836
59 3.64587
60 3.69515
61 3.72756
62 3.87563
63 4.46925
64 3.82044
65 3.85422
66 3.89797
67 4.03382
68 4.00411
69 4.33418
70 4.18329
71 4.19764
72 4.31889
73 4.35732
74 4.50614
75 4.45609
76 4.71272
77 4.60655
78 4.24181
79 4.25492
80 4.39874
81 4.28015
82 4.58698
83 4.181
84 4.26161
85 4.7183
86 4.91326
87 4.3565
88 4.40192
89 4.18102
90 4.15996
91 4.23798
92 4.74843
93 4.30666
94 4.24587
95 4.43186
96 4.11389
97 4.19059
98 4.12999
99 4.14911
100 4.17838
101 4.27073
102 4.37402
103 4.44546
104 4.17258
105 4.18655
106 4.3636
107 4.19097
108 4.67138
1 2.69074
2 2.71964
3 2.62188
4 2.56626
5 3.23711
6 3.78762
7 3.80262
8 3.53067
9 3.51984
10 3.01724
11 3.1002
12 3.16255
13 3.15661
14 3.31353
15 3.8181
16 3.49471
17 3.50402
18 3.46264
19 3.3718
20 3.43818
21 3.45084
22 3.41242
23 3.4262
24 3.44666
25 3.43312
26 3.40557
27 3.45301
28 3.47182
29 3.74845
30 3.5325
31 3.54085
32 3.79999
33 3.89534
34 3.53202
35 3.56853
36 3.52682
37 3.53198
38 3.54441
39 3.61981
40 3.57239
41 3.56681
42 3.524
43 3.59759
44 3.59395
45 3.58121
46 3.62709
47 3.72905
48 3.80889
49 3.91931
50 4.26886
51 4.59716
52 5.51155
53 4.98008
54 4.97145
55 4.84152
56 4.79817
57 4.72287
58 4.78694
59 4.82334
60 5.5125
61 4.93308
62 4.9212
63 5.13229
64 5.40163
65 5.1905
66 4.98855
67 5.26378
68 5.13738
69 5.04077
70 5.09342
71 5.518
72 5.00443
73 5.0714
74 5.13652
75 5.20934
76 5.31908
77 5.71269
78 5.50996
79 5.65867
80 5.33537
81 5.34154
82 5.42624
83 5.52854
84 5.49425
85 5.54384
86 5.71326
87 5.66903
88 5.70067
89 5.6517
90 5.86226
91 5.83231
92 6.00257
93 5.89199
94 6.08499
95 6.08561
96 7.21614
97 6.37071
98 6.64533
99 6.6192
100 7.41555
101 7.0906
102 6.95128
103 6.6636
104 6.77342
105 6.75277
106 7.10013
107 6.90132
108 6.92638
109 7.04402
110 6.90707
111 7.13955
112 6.90541
113 7.02111
114 7.19462
115 7.12574
116 7.07538
117 7.09033
118 7.90035
119 7.2264
120 7.22861
121 8.07848
122 7.37116
123 7.22411
124 7.23831
125 7.42443
126 7.94172
1 2.61264
2 3.58844
3 3.53872
4 3.63294
5 3.60909
1 2.68257
2 2.88841
3 3.40579
4 3.36095
5 3.43814
6 3.12651
7 2.92177
8 2.90696
9 2.90238
10 3.24773
11 3.00315
12 2.92981
13 2.97529
1 2.80288
2 3.48596
3 3.6495
4 3.39522
5 3.7428
6 3.47341
7 3.408
8 3.48397
9 3.5421
10 3.65233
11 3.59968
12 3.05121
13 3.10972
1 3.27269
2 3.65288
3 3.444
4 3.04145
5 3.07624
6 3.05625
7 3.10746
8 3.28148
9 3.37198
10 3.08567
11 3.16352
12 3.06146
13 3.07315
1 2.55383
2 2.35351
3 3.2757
4 3.25151
5 3.29119
6 3.24787
7 3.34287
8 3.4166
9 3.20802
10 3.49694
11 3.3576
12 2.92977
13 2.88065
14 2.90059
15 3.48313
16 3.38073
17 3.86978
18 4.21564
19 4.52055
20 4.74365
21 4.50523
22 4.0746
23 3.99058
24 3.71108
25 3.69393
26 3.34952
27 3.57113
28 3.37575
29 3.70356
30 3.68393
31 4.49767
32 4.44495
33 3.63892
34 3.88139
35 3.75272
36 3.63682
37 3.56118
38 3.63815
39 3.85011
40 3.89638
41 3.39414
42 3.35137
43 3.36672
44 3.42991
45 4.00165
46 3.38999
47 3.37886
48 3.38287
49 3.36667
50 3.34874
51 3.3577
52 3.32186
53 3.38174
54 3.32786
55 3.36995
56 3.33887
57 3.46822
58 3.4923
59 4.0772
60 3.58852
61 3.46541
62 3.34485
63 3.34501
64 3.34297
65 3.37681
66 3.43907
67 3.40625
68 3.37299
69 3.44079
70 3.93499
71 3.40123
72 3.36876
73 3.35909
74 3.34817
75 3.35816
76 3.51387
77 3.41447
78 3.38785
79 3.99966
80 3.34812
81 3.42715
82 3.35186
83 3.40771
84 3.38488
85 3.43917
86 3.95715
87 3.39191
88 3.48688
89 3.77045
90 3.76154
91 3.83346
92 3.53444
93 3.60907
1 2.28763
2 2.02845
3 2.02913
4 1.98783
5 1.98514
6 1.97988
7 2.04146
8 1.99211
9 2.00663
10 2.00391
11 2.01465
12 1.97528
13 1.98705
14 2.00684
15 2.351
16 2.38795
17 2.52051
18 2.73931
19 2.74407
20 2.72804
21 2.8917
22 2.77433
23 2.7643
24 2.73267
25 2.8185
26 2.76904
27 2.7764
28 2.76962
29 2.77647
30 2.80858
31 3.27881
32 2.78069
33 2.78031
34 2.79828
35 2.82456
36 2.87048
37 2.83936
38 2.85095
39 2.81149
40 3.05751
41 2.98431
42 2.88446
43 2.82567
44 2.88561
45 3.71516
46 2.94753
47 3.03583
48 3.01944
49 2.95639
50 2.90995
51 2.83819
52 2.88797
53 2.9414
54 2.85991
55 2.98638
56 2.89276
57 2.88003
58 2.97112
59 3.37321
60 3.25374
61 2.99553
62 2.86095
63 2.99921
64 2.93952
65 2.89944
66 2.97829
67 2.93697
68 2.99846
69 2.95453
70 3.41603
71 2.92855
72 2.95453
73 2.91196
74 2.96294
75 2.96454
76 2.92207
77 2.96661
78 2.94025
79 3.48266
80 2.9587
81 2.97507
82 3.14302
83 2.97417
84 2.95662
1 2.26374
2 2.05716
3 2.02629
4 2.00701
5 2.01611
6 1.99982
7 2.03364
8 2.045
9 2.04172
10 1.99052
11 2.33318
12 2.09055
13 2.1034
14 1.99824
15 2.39098
16 2.74372
17 2.93568
18 2.9487
19 2.94835
20 2.89218
21 2.8791
22 2.93036
23 2.93233
24 2.91182
25 2.90176
26 2.82118
27 3.18308
1 2.64494
2 2.41903
3 2.45419
4 2.25071
1 2.72461
2 2.38566
3 2.32068
4 2.35864
5 2.41944
6 2.39987
7 2.18439
8 2.15035
9 2.05224
10 2.31998
11 2.10678
12 2.64259
1 2.62196
2 2.42105
3 2.46603
4 2.43907
5 2.45967
6 2.45707
7 2.44479
8 2.50289
9 2.97431
10 3.09338
1 2.37875
2 2.42899
3 2.23804
4 2.28743
5 2.24264
6 2.28305
7 2.23611
8 2.39547
9 2.40355
10 2.69802
11 2.62086
12 2.82446
13 2.82898
1 2.32266
2 2.26915
3 2.18352
4 2.16665
5 2.2037
6 2.20321
7 2.19156
8 2.15973
9 2.20416
10 2.15624
11 2.22921
12 2.20172
13 2.30168
1 2.1373
2 2.03799
3 2.02696
4 2.00102
5 2.00602
6 2.02562
7 2.01656
8 2.04405
9 2.04687
10 2.02039
11 2.04292
12 2.02799
13 2.02036
14 2.01675
15 2.89911
16 2.80115
17 2.83237
18 2.83479
19 2.83336
20 2.8117
21 2.81438
22 2.85133
23 2.91141
24 2.84246
25 3.00884
26 3.0407
27 3.10228
28 2.90263
29 2.97942
30 2.87526
31 3.50762
32 3.19598
33 3.46694
34 3.167
35 3.99133
36 3.53816
37 4.10885
38 4.44639
39 4.09767
40 3.39879
41 3.64838
42 3.43402
43 3.5713
44 3.40286
45 4.10611
46 3.4581
47 3.47068
48 3.4449
49 3.52221
50 3.46415
51 3.45532
52 3.43833
53 3.47046
54 3.44935
55 3.51915
56 3.54251
57 3.4828
58 3.46262
59 4.05618
60 3.56071
61 3.51741
62 3.51659
63 3.26235
64 3.0051
65 3.10339
66 2.98587
67 3.06138
68 3.00361
69 3.02076
70 3.54491
71 3.05386
72 3.00281
73 3.02821
74 3.03943
75 3.17464
76 3.05814
77 3.14008
78 3.08652
79 3.73613
80 3.0717
81 3.08236
82 3.20487
83 3.11726
84 3.06309
85 3.16931
1 2.72844
2 2.43805
3 2.49488
4 2.59989
5 2.54675
6 2.36578
7 2.3817
8 2.46998
9 2.47549
10 2.4526
11 2.46379
12 2.83301
13 2.85816
14 2.87156
15 3.37162
16 4.10756
17 3.37268
18 3.32079
19 3.26603
20 3.31843
21 3.30952
22 3.05393
23 2.88212
24 2.82373
25 2.81912
26 2.83539
27 3.36716
28 3.91915
29 3.94676
30 3.03435
31 2.90184
32 2.94687
33 2.92174
34 2.91318
35 3.05886
36 2.93573
37 2.92463
38 2.98455
39 2.89061
40 3.02761
41 3.47358
42 2.89896
43 2.92299
44 2.97425
45 2.88958
46 2.95172
47 3.04961
48 2.93038
49 2.96271
50 2.93312
51 2.9313
52 3.00235
53 3.50642
54 2.95404
55 2.98368
56 2.94047
57 3.00423
58 3.01782
59 2.94442
60 3.00955
61 3.53556
62 2.9325
63 2.98438
64 2.97199
65 2.97141
66 3.01759
67 2.95659
68 2.99599
69 3.55852
70 2.97813
71 3.01099
72 3.04833
73 3.10004
74 3.09649
75 3.11452
76 3.009
77 3.54866
78 3.06079
79 2.99268
80 3.0657
81 3.03223
82 3.02549
83 3.07395
84 3.06817
85 3.55198
86 3.0339
87 3.07487
88 3.03393
89 3.12236
90 3.05039
91 3.03927
92 3.07414
93 3.62634
94 3.08262
95 3.05593
96 3.14268
97 3.04019
98 3.07471
99 3.11432
100 3.08954
101 3.10364
102 3.69273
103 3.13689
104 3.13124
105 3.2002
106 3.2045
107 3.29913
108 3.16415
109 3.21874
110 3.7615
111 3.32732
112 3.29748
113 3.28615
114 3.25384
115 3.31674
116 3.34083
117 3.34653
118 3.48682
119 3.51697
120 4.13371
121 3.57572
122 3.59985
123 3.7105
124 3.57975
125 3.51997
126 3.501
127 3.46604
128 3.51463
129 3.48008
130 3.45063
131 3.46443
132 3.52278
133 3.43327
134 4.00502
135 3.46432
136 3.50548
137 3.62866
138 3.68982
139 3.73855
140 3.61226
141 3.63574
142 3.68399
143 3.73476
144 3.64779
145 3.68389
146 4.16763
147 3.60715
148 3.65984
149 3.65624
150 3.70056
151 3.6294
152 3.63862
153 3.64196
154 4.28675
155 3.77083
156 3.66817
157 3.62778
158 3.69307
159 3.75221
160 3.7111
161 3.66824
162 4.25229
163 3.70654
164 3.74632
165 3.72625
166 3.67891
167 3.70825
168 3.81418
169 4.48706
170 3.79344
171 3.73023
172 3.78972
173 3.75023
174 3.80036
175 3.78355
176 3.80072
177 4.36306
178 3.80043
179 3.84194
180 4.0208
181 3.8936
182 3.88343
183 4.45764
184 3.8802
185 3.95727
186 4.0376
187 3.88018
188 4.42916
189 3.85659
190 3.84037
191 3.9168
192 3.85648
193 3.88683
194 3.86746
195 4.39072
196 3.91277
197 3.92289
198 3.93174
199 3.96809
200 4.0306
201 4.52807
202 3.92019
203 3.91025
204 3.9623
205 4.03446
206 4.2737
207 4.10628
208 4.65765
209 4.10489
210 4.04763
211 4.01678
212 4.03993
213 4.07849
214 4.10787
215 4.6953
216 4.15275
217 4.20667
218 4.1214
219 4.13326
220 4.16029
221 5.10018
222 4.17919
223 4.26011
224 4.42962
225 4.18802
226 4.23235
227 4.88422
228 4.29315
229 4.28727
230 4.34032
231 4.33179
232 4.34704
233 4.37363
234 4.99046
235 4.39932
236 4.3939
237 4.38972
238 4.40267
239 4.39037
240 4.398
241 4.9729
242 4.3703
243 4.39706
244 4.5126
245 4.50408
246 4.42972
247 4.43163
248 4.98763
249 4.55642
250 4.52534
251 4.62582
252 4.52004
253 4.58173
254 4.55978
255 5.1068
256 4.75246
257 4.49865
258 4.38423
259 4.57644
260 4.49452
261 5.4065
262 4.63641
263 4.5243
264 4.48985
265 4.52697
266 5.09804
267 4.49778
268 4.54678
269 4.50664
270 4.53504
271 4.53073
272 5.21103
273 4.59491
274 4.69829
275 4.74306
276 4.64238
277 4.65823
278 5.18855
279 5.16495
280 6.42877
281 5.96117
282 6.36564
283 5.20949
284 6.93825
285 5.45137
286 4.89062
287 5.08595
288 5.26148
289 5.94355
290 6.68029
291 5.49283
292 4.9293
293 4.91453
294 5.3375
295 5.01686
296 4.97295
297 4.95982
298 4.90343
299 5.57267
300 5.34553
301 5.18675
302 4.90945
303 4.8164
304 5.61199
305 4.89765
306 4.94381
307 5.55887
308 5.79677
309 7.53128
310 5.68179
311 6.1787
312 5.78172
313 5.61664
314 5.84102
315 5.33863
316 5.37779
317 5.51938
318 5.27695
319 5.78061
320 5.16553
321 5.17917
322 5.12991
323 5.2615
324 5.95441
325 5.15853
326 5.22738
327 5.24742
328 5.25062
329 6.00732
330 5.318
331 6.02823
332 5.34279
333 5.2887
334 6.09308
335 5.41453
336 5.47444
337 5.56537
338 5.41707
339 6.24833
340 5.50506
341 5.52136
342 5.56092
343 5.42821
344 6.50214
1 28.7768
2 26.0477
3 25.6012
4 25.6485
5 25.431
6 26.2763
7 29.2827
8 24.9491
9 25.133
10 26.67
11 28.5372
12 27.7501
13 28.1599
14 32.9443
15 34.9121
16 37.4272
17 34.1863
18 26.6727
19 27.1345
20 34.9925
21 46.5964
22 33.9184
23 33.7744
24 32.6548
25 29.6896
26 31.4095
27 32.654
28 33.558
29 28.9776
30 28.2547
31 29.0098
32 29.5582
33 46.1801
34 47.3715
35 46.7921
36 46.4867
37 47.6031
38 51.4446
39 45.2549
40 44.0141
41 48.4047
42 51.0575
43 54.334
44 50.1101
45 50.4457
46 55.3931
47 50.694
48 46.8251
49 52.995
50 46.6695
51 43.8185
52 47.7222
53 46.1092
54 46.9167
55 49.2289
56 49.6486
57 47.046
58 48.289
59 59.0048
60 52.5265
61 44.2913
62 46.2998
63 46.0707
64 81.9187
65 76.1608
66 78.4594
67 100.885
1 2.36535
2 2.22218
3 2.0548
4 2.06241
5 2.08579
6 2.30915
7 2.17209
8 2.59869
9 2.58343
10 2.61955
11 2.55916
12 2.58805
13 2.60084
14 2.60771
15 3.03755
16 3.01888
17 3.06285
18 3.05529
19 3.07252
20 3.04525
21 3.67815
22 3.28413
23 3.06504
24 3.41604
25 3.38519
26 3.22974
27 3.96752
28 3.59132
29 3.33675
30 3.24334
31 3.13868
32 3.03092
33 3.45311
34 4.03689
35 3.46573
36 3.46388
37 3.3867
38 3.44725
39 3.5565
40 3.58985
41 3.94139
42 3.26199
43 3.3922
44 3.55849
45 3.21291
46 3.20812
47 3.43808
48 4.04185
49 3.21493
50 3.23959
51 3.43005
52 4.04182
53 3.46938
54 3.89086
55 3.08663
56 3.12055
57 3.08977
58 3.11871
59 3.12429
60 3.17372
61 3.68481
62 3.09162
63 3.13603
64 3.11742
65 3.1287
66 3.12617
67 3.73196
68 3.1329
69 3.14432
70 3.16577
71 3.13554
72 3.14905
73 3.1439
74 3.73922
75 3.1775
76 3.18346
77 3.16372
78 3.16347
79 3.15432
80 3.20271
81 3.97812
82 3.54262
83 3.39237
84 3.74474
85 3.52267
86 3.32182
87 3.1486
88 3.17513
89 3.70652
90 3.14735
91 3.15495
92 3.17952
93 3.50898
94 3.41997
95 3.74289
96 3.69376
97 4.04555
98 3.78775
99 3.57042
100 3.34031
101 3.79579
102 4.07601
103 3.42361
104 3.53214
105 4.04675
106 3.19307
107 3.30461
108 3.29465
109 3.23448
110 3.21368
111 3.28177
112 3.75732
113 4.07962
114 4.41749
115 3.35109
116 3.3571
117 3.47009
118 3.35357
119 3.33247
120 3.36984
121 3.42897
122 4.08545
123 3.5295
124 3.5509
125 3.54512
126 3.73189
127 3.80213
128 4.30075
129 3.85854
130 3.84104
131 4.15835
132 4.91508
133 5.28621
134 4.01965
135 4.16089
136 3.82997
137 3.68583
138 4.3521
139 3.64778
140 3.69561
141 3.68229
142 3.66378
143 4.26811
144 3.67186
145 3.65932
146 3.71852
147 3.70817
148 4.32014
149 3.6866
150 3.73964
151 4.08354
152 4.69331
153 4.45732
154 3.87601
155 4.13929
156 3.93425
157 3.89935
158 5.03428
159 4.35055
160 4.09228
161 4.249
162 4.43159
163 4.93203
164 4.12268
165 3.96339
166 3.86799
167 3.8746
168 3.82538
169 4.43813
170 3.82903
171 3.83548
172 3.88287
173 3.89675
174 3.9026
175 4.4538
176 3.84732
177 3.87454
178 3.91428
179 3.93003
180 4.545
181 3.89518
182 3.95877
183 3.92248
184 3.93383
185 3.91418
186 4.65776
187 3.98287
188 4.04743
189 3.99426
190 3.94419
191 4.00016
192 4.57771
193 4.02336
194 3.99651
195 4.01543
196 4.68509
197 4.7309
198 5.22015
199 4.58029
200 4.61107
201 5.6973
202 4.97506
203 4.39205
204 4.77475
205 5.28416
206 4.20878
207 4.1122
208 4.04651
209 4.06144
210 4.62882
211 4.11505
212 4.09761
213 4.11523
214 4.08948
215 4.70284
216 4.11827
217 4.15
218 4.1132
219 4.10961
220 4.67454
221 4.17088
222 4.1836
223 4.21517
224 4.88046
225 4.17156
226 4.30848
227 4.92198
228 4.28822
229 4.3188
230 4.97886
231 4.33775
232 4.38634
233 4.28744
234 4.27761
235 4.92825
236 4.33729
237 4.45425
238 4.35448
239 4.317
240 5.28673
241 4.82237
242 4.8432
243 4.8352
244 4.30621
245 5.40274
246 4.55087
247 4.6528
248 4.89904
249 5.26594
250 5.3864
251 5.63181
252 5.56946
253 4.69857
254 5.26919
255 4.61724
256 4.6541
257 4.5299
258 5.22784
259 4.39621
260 4.4103
261 4.35401
262 5.01751
263 4.39366
264 4.42287
265 4.4196
266 5.01607
267 4.43545
268 4.47111
269 4.39272
270 5.00594
271 4.45709
272 4.50903
273 4.42825
274 5.0522
275 4.43204
276 4.50419
277 4.40374
278 4.48403
279 5.18155
280 5.19401
281 5.05427
282 5.02051
283 5.76905
284 4.8532
285 4.7456
286 4.70551
287 5.35331
288 4.77198
289 4.90232
290 5.05321
291 4.49158
292 4.61185
293 5.17442
294 4.57092
295 5.30152
296 4.69418
297 5.35376
298 4.64552
299 5.35764
300 4.71466
301 5.5941
302 6.07195
303 5.46314
304 6.42827
305 5.54649
306 6.09289
307 5.71526
308 5.97321
309 5.47132
310 5.82423
311 5.85912
312 5.49417
313 6.51887
314 6.08467
315 5.62962
316 6.46009
317 5.93446
318 6.43462
319 5.67739
320 6.29899
321 5.8104
322 5.40108
323 5.82157
324 5.51358
325 5.50452
326 6.0919
327 5.40596
328 5.40849
329 6.03687
330 5.52187
331 6.12008
332 5.58825
333 5.62875
334 6.04551
335 5.67147
336 5.74328
337 6.22288
338 5.73233
339 6.44996
340 5.74985
341 5.85397
342 6.29286
343 5.80959
344 6.52786
345 6.04071
346 7.7615
347 6.93698
348 7.29996
349 7.59458
350 7.02845
351 10.0847
352 6.94238
353 7.10972
354 7.49142
355 7.22776
356 7.35707
357 6.73609
358 6.75723
359 7.1029
360 6.38045
361 6.92057
362 6.29908
363 6.44727
364 8.05962
365 7.44699
366 7.85989
367 7.39272
368 7.20031
369 7.23303
370 6.62792
371 7.30873
372 7.70597
373 7.44972
374 6.95895
375 6.36963
376 6.30431
377 6.75657
378 6.53282
379 6.98712
380 6.46163
381 6.37281
382 6.85851
383 6.64992
384 7.01702
385 6.55377
386 7.13792
387 6.34867
388 6.47934
389 8.0946
390 6.64404
391 7.70901
392 6.92542
393 7.77762
394 7.33243
395 7.67823
396 7.82806
397 8.0412
398 8.03577
399 7.04585
