1 7.4882
2 10.0614
3 9.47643
4 9.28337
5 9.25454
6 9.35068
7 9.35346
8 9.36691
9 9.98991
10 9.47184
11 9.42343
12 9.43016
13 9.56613
14 9.49847
15 9.47381
16 11.5827
17 11.7932
18 11.3222
19 11.1238
20 12.5348
21 13.8138
22 10.9802
23 11.4267
24 11.6152
25 11.8865
26 11.2361
27 13.2088
28 11.3795
29 11.1787
30 11.4678
31 11.2874
32 13.6308
33 11.3071
34 11.3944
35 11.6302
36 13.4486
37 11.6643
38 13.5459
39 11.8566
40 13.6101
41 11.7971
42 11.813
43 11.8132
44 14.0451
45 11.7691
46 12.1897
47 13.9459
48 12.1671
49 13.9947
50 12.1964
51 12.0941
52 14.0669
53 12.1305
54 14.0429
55 12.2114
56 13.9816
57 12.1864
58 16.3009
59 12.5035
60 14.3361
61 12.4391
62 14.3738
63 12.3332
64 14.2237
65 12.2938
66 14.4877
67 12.4671
68 14.2835
69 12.6091
70 14.7225
71 12.8027
72 14.7062
73 12.7311
74 15.2366
75 12.8922
76 14.4779
77 12.5346
78 14.7291
79 12.5297
80 14.7986
81 12.361
82 14.6624
83 12.5508
84 14.5571
85 13.6558
86 14.6974
87 12.4803
88 16.6335
89 14.95
90 16.1837
91 13.3514
92 14.8659
93 12.487
94 15.0315
95 12.5748
96 14.9816
97 12.7367
98 14.9578
99 12.6455
100 15.024
101 12.5922
102 14.983
103 12.5745
104 14.7569
105 12.2783
106 14.6363
107 12.4938
108 14.6114
109 12.3259
110 14.6733
111 12.4518
112 14.6932
113 12.4058
114 14.9232
115 13.2397
116 14.8532
117 12.5342
118 14.9153
119 12.5366
120 14.9531
121 13.345
122 15.9998
123 16.1793
124 16.4218
125 12.8156
126 17.2496
127 15.9752
128 15.294
129 13.0446
130 15.4284
131 13.337
132 15.3236
133 13.184
134 15.1913
135 13.6951
136 15.8564
137 13.9372
138 15.6416
139 13.8273
140 16.6088
141 15.0812
142 17.1298
143 17.9933
144 18.2061
145 17.2319
146 21.4849
147 21.7635
148 24.6729
149 25.7839
150 34.2312
151 36.5954
152 34.7673
153 29.1479
154 40.0891
155 34.3989
156 38.7312
157 33.4724
158 36.9958
159 35.7726
160 34.4465
161 29.2821
162 31.5799
163 26.3109
164 28.4724
165 25.3309
166 25.4739
167 23.6534
168 26.9329
169 23.481
170 24.9714
171 22.83
172 27.2847
173 22.9768
174 28.8399
175 23.8852
176 26.8476
177 26.1915
178 31.2803
179 26.2
180 26.7137
181 24.9531
