148 25.79 msec 2646
149 31.38 msec 2668
150 31.53 msec 2684
151 27.82 msec 2686
152 31.55 msec 2696
153 29.52 msec 2704
154 29.49 msec 2704
155 32.93 msec 2714
156 29.98 msec 2742
157 29.18 msec 2756
158 28.67 msec 2768
159 29.14 msec 2794
160 30.00 msec 2836
148 26.30 msec 2646
149 30.38 msec 2668
150 30.07 msec 2684
151 31.70 msec 2686
152 31.59 msec 2696
153 29.89 msec 2704
154 29.26 msec 2704
155 30.79 msec 2714
156 29.26 msec 2742
157 29.86 msec 2756
158 29.91 msec 2768
159 30.36 msec 2794
160 30.46 msec 2836
16 1.24 msec 8
17 0.07 msec 14
18 0.06 msec 34
19 0.07 msec 56
20 0.12 msec 96
21 0.29 msec 144
22 0.68 msec 190
23 0.97 msec 232
24 1.11 msec 258
25 0.91 msec 276
26 0.98 msec 272
27 0.80 msec 268
28 0.99 msec 288
29 0.94 msec 318
30 1.01 msec 322
31 1.13 msec 352
32 1.27 msec 376
33 1.20 msec 374
34 1.34 msec 402
35 1.42 msec 424
36 1.58 msec 440
37 1.68 msec 464
38 1.92 msec 494
39 2.02 msec 508
40 1.94 msec 526
41 2.14 msec 568
42 2.46 msec 614
43 2.70 msec 682
44 2.78 msec 718
45 2.97 msec 798
46 3.83 msec 898
47 4.17 msec 1032
48 4.82 msec 1136
49 5.90 msec 1248
50 7.29 msec 1392
51 10.23 msec 1554
52 12.49 msec 1676
53 15.92 msec 1828
54 19.95 msec 1990
148 22.54 msec 2646
149 22.92 msec 2668
150 23.08 msec 2684
151 23.10 msec 2686
152 29.75 msec 2696
153 29.26 msec 2704
154 29.02 msec 2704
155 28.56 msec 2714
156 30.39 msec 2742
157 28.31 msec 2756
158 28.15 msec 2768
159 28.64 msec 2794
160 30.11 msec 2836
15 1.03 msec 6
16 0.05 msec 28
17 0.06 msec 72
18 0.08 msec 124
19 0.19 msec 188
20 0.45 msec 252
21 0.93 msec 292
22 1.55 msec 354
23 1.73 msec 396
24 1.54 msec 408
25 1.30 msec 418
26 1.45 msec 412
27 1.46 msec 386
28 1.30 msec 412
29 1.37 msec 416
30 1.41 msec 428
31 1.39 msec 428
32 1.83 msec 462
33 1.93 msec 502
34 1.79 msec 508
35 2.02 msec 530
36 1.95 msec 548
37 2.02 msec 578
38 2.79 msec 616
39 2.28 msec 640
40 2.87 msec 714
41 2.92 msec 794
42 3.40 msec 894
43 3.65 msec 992
44 3.51 msec 1110
45 4.98 msec 1272
46 5.50 msec 1426
47 6.23 msec 1634
48 7.84 msec 1812
15 1.07 msec 6
16 0.07 msec 28
17 0.07 msec 72
18 0.11 msec 124
19 0.24 msec 188
20 0.51 msec 252
21 1.06 msec 292
22 1.77 msec 354
23 1.99 msec 396
24 2.03 msec 408
25 1.59 msec 418
26 1.60 msec 412
27 1.65 msec 386
28 2.34 msec 412
29 1.51 msec 416
30 1.54 msec 428
31 1.74 msec 428
32 1.77 msec 462
33 2.32 msec 502
34 2.14 msec 508
35 2.26 msec 530
36 2.36 msec 548
37 2.41 msec 578
38 2.58 msec 616
39 2.86 msec 640
40 3.07 msec 714
41 3.56 msec 794
42 3.73 msec 894
43 3.91 msec 992
44 5.99 msec 1110
45 4.70 msec 1272
46 6.00 msec 1426
47 7.80 msec 1634
48 8.64 msec 1812
15 0.06 msec 6
16 0.07 msec 28
17 0.05 msec 72
18 0.10 msec 124
19 0.20 msec 188
20 0.44 msec 252
21 0.91 msec 292
22 1.45 msec 354
23 1.75 msec 396
24 1.65 msec 408
25 1.37 msec 418
26 1.37 msec 412
27 1.35 msec 386
28 1.34 msec 412
29 1.43 msec 416
30 1.42 msec 428
31 1.59 msec 428
32 1.89 msec 462
33 1.83 msec 502
34 1.86 msec 508
35 2.04 msec 530
36 1.96 msec 548
37 2.05 msec 578
38 2.22 msec 616
39 2.44 msec 640
40 2.71 msec 714
41 2.75 msec 794
42 3.13 msec 894
43 3.23 msec 992
44 3.64 msec 1110
45 4.15 msec 1272
46 5.40 msec 1426
47 6.12 msec 1634
48 7.70 msec 1812
15 0.07 msec 6
16 0.08 msec 28
17 0.05 msec 72
18 0.09 msec 124
19 0.20 msec 188
20 0.55 msec 252
21 1.02 msec 292
22 1.74 msec 354
23 1.77 msec 396
24 1.70 msec 408
25 1.42 msec 418
26 1.41 msec 412
27 1.53 msec 386
28 1.45 msec 412
29 1.48 msec 416
30 1.50 msec 428
31 1.48 msec 428
32 1.75 msec 462
33 2.12 msec 502
34 1.88 msec 508
35 1.88 msec 530
36 1.96 msec 548
37 2.19 msec 578
38 2.36 msec 616
39 2.40 msec 640
40 2.52 msec 714
41 3.36 msec 794
42 3.85 msec 894
43 3.49 msec 992
44 3.93 msec 1110
45 4.33 msec 1272
46 5.21 msec 1426
47 6.33 msec 1634
48 7.57 msec 1812
15 0.94 msec 6
16 0.07 msec 28
17 0.11 msec 72
18 0.09 msec 124
19 0.19 msec 188
20 0.44 msec 252
21 0.91 msec 292
22 1.50 msec 354
23 1.75 msec 396
24 1.57 msec 408
25 1.33 msec 420
26 1.50 msec 410
27 1.26 msec 386
28 1.29 msec 412
29 1.38 msec 416
30 1.41 msec 432
31 1.42 msec 430
32 1.59 msec 460
33 1.92 msec 506
34 2.11 msec 516
35 1.98 msec 534
36 2.21 msec 552
37 2.61 msec 578
38 2.56 msec 608
39 2.28 msec 644
40 2.68 msec 726
41 2.92 msec 826
42 3.40 msec 918
43 3.45 msec 1014
44 3.86 msec 1120
45 4.60 msec 1294
46 5.53 msec 1458
47 6.71 msec 1670
48 7.76 msec 1848
49 12.11 msec 2052
50 21.43 msec 2304
51 30.11 msec 2486
52 40.86 msec 2660
53 73.06 msec 2830
54 113.78 msec 2986
55 132.14 msec 3100
56 115.53 msec 3228
57 97.40 msec 3330
58 64.08 msec 3366
59 53.98 msec 3412
60 51.18 msec 3412
61 52.90 msec 3404
62 46.92 msec 3392
63 44.34 msec 3374
64 45.50 msec 3352
65 43.07 msec 3358
66 42.94 msec 3362
67 43.38 msec 3370
68 43.91 msec 3374
69 43.87 msec 3350
70 42.45 msec 3308
71 41.50 msec 3280
72 43.73 msec 3248
73 47.46 msec 3230
74 40.74 msec 3222
75 41.26 msec 3184
76 41.21 msec 3174
77 41.36 msec 3158
78 40.74 msec 3170
79 40.15 msec 3156
80 41.86 msec 3166
81 40.07 msec 3202
82 40.77 msec 3226
83 44.83 msec 3262
84 46.37 msec 3258
85 50.68 msec 3262
86 46.63 msec 3294
87 45.09 msec 3330
88 46.81 msec 3348
89 47.54 msec 3400
90 46.61 msec 3430
91 53.91 msec 3444
92 49.10 msec 3472
93 47.88 msec 3490
94 51.96 msec 3536
95 54.67 msec 3580
96 53.16 msec 3658
97 53.92 msec 3712
98 57.72 msec 3758
99 57.76 msec 3820
100 57.11 msec 3876
101 58.63 msec 3930
102 59.00 msec 3992
103 62.79 msec 4048
104 61.39 msec 4122
105 63.69 msec 4192
106 67.89 msec 4262
107 68.21 msec 4288
108 70.29 msec 4336
109 68.88 msec 4360
110 67.81 msec 4420
111 69.79 msec 4484
112 70.25 msec 4506
113 73.00 msec 4526
114 71.50 msec 4560
115 69.47 msec 4558
116 74.25 msec 4552
117 69.88 msec 4534
118 69.66 msec 4514
119 74.45 msec 4522
120 73.16 msec 4526
121 73.55 msec 4568
122 70.73 msec 4586
123 71.11 msec 4584
124 74.42 msec 4592
125 73.64 msec 4602
126 73.77 msec 4624
127 73.41 msec 4650
128 72.59 msec 4678
129 77.89 msec 4742
130 82.88 msec 4764
131 76.12 msec 4800
132 84.44 msec 4822
133 78.38 msec 4832
134 83.12 msec 4848
135 82.92 msec 4874
136 82.63 msec 4912
15 0.06 msec 6
16 0.05 msec 28
17 0.05 msec 72
18 0.09 msec 124
19 0.20 msec 188
20 0.61 msec 252
21 0.94 msec 292
22 1.47 msec 354
23 1.65 msec 396
24 1.62 msec 408
25 1.29 msec 418
26 1.36 msec 412
27 1.20 msec 386
28 1.34 msec 412
29 1.32 msec 416
30 1.42 msec 428
31 1.38 msec 428
32 1.53 msec 462
33 1.93 msec 502
34 1.81 msec 508
35 2.04 msec 530
36 2.14 msec 548
37 2.23 msec 578
38 2.58 msec 616
39 2.64 msec 640
40 3.03 msec 714
41 3.25 msec 794
42 3.79 msec 894
43 3.79 msec 992
44 4.60 msec 1110
45 5.01 msec 1272
46 5.95 msec 1426
47 7.14 msec 1634
48 8.22 msec 1812
16 3.46 msec 8
17 12.87 msec 34
18 64.59 msec 154
19 219.08 msec 480
20 286.93 msec 584
21 373.80 msec 740
22 515.15 msec 984
23 628.75 msec 1198
24 666.54 msec 1218
25 819.49 msec 1472
26 870.19 msec 1632
27 951.45 msec 1724
28 983.68 msec 1692
29 1.229 sec 2000
30 1.201 sec 2056
31 1.347 sec 2346
32 1.443 sec 2536
16 2.06 msec 8
17 13.66 msec 34
18 61.27 msec 154
19 231.57 msec 480
20 307.86 msec 584
21 393.34 msec 740
22 551.64 msec 984
23 656.76 msec 1198
24 695.07 msec 1218
25 789.98 msec 1472
26 958.44 msec 1626
27 1.019 sec 1710
28 58.94 msec 1654
29 1.106 sec 1922
30 1.342 sec 2188
31 1.562 sec 2596
32 1.595 sec 2708
33 1.874 sec 3140
34 2.059 sec 3328
35 2.248 sec 3742
16 2.05 msec 8
17 9.54 msec 34
18 62.66 msec 148
19 218.71 msec 486
20 266.49 msec 550
21 316.08 msec 674
22 467.63 msec 926
23 250.73 msec 1518
16 2.11 msec 8
17 13.23 msec 34
18 62.52 msec 154
19 220.48 msec 480
20 273.71 msec 584
21 355.32 msec 740
22 498.11 msec 984
23 623.84 msec 1198
24 671.92 msec 1218
25 784.45 msec 1472
26 914.14 msec 1632
27 1.008 sec 1724
28 967.19 msec 1692
29 1.124 sec 2000
30 1.140 sec 2056
31 1.314 sec 2346
32 1.418 sec 2442
16 2.35 msec 8
17 15.07 msec 34
18 64.64 msec 154
19 254.53 msec 480
20 292.10 msec 584
21 372.35 msec 740
22 540.14 msec 984
23 683.61 msec 1198
15 0.07 msec 6
16 0.05 msec 28
17 0.06 msec 72
18 0.10 msec 124
19 0.21 msec 188
20 0.45 msec 252
21 0.90 msec 292
22 1.53 msec 354
23 1.79 msec 396
24 1.52 msec 408
25 1.38 msec 420
26 2.24 msec 410
27 1.22 msec 386
28 1.36 msec 412
29 1.42 msec 416
30 1.67 msec 432
31 1.56 msec 430
32 1.57 msec 460
33 1.93 msec 506
34 2.05 msec 516
35 2.02 msec 534
36 2.28 msec 552
37 2.26 msec 578
38 2.55 msec 608
39 2.49 msec 644
40 2.52 msec 726
41 3.20 msec 826
42 3.42 msec 918
43 3.69 msec 1014
44 3.84 msec 1120
45 4.57 msec 1294
46 6.11 msec 1458
47 6.40 msec 1670
48 8.58 msec 1848
49 11.85 msec 2052
50 24.04 msec 2304
51 31.55 msec 2486
52 49.22 msec 2660
53 83.96 msec 2830
54 126.33 msec 2986
55 139.24 msec 3100
56 122.70 msec 3228
57 108.48 msec 3330
58 75.98 msec 3366
59 60.00 msec 3412
60 62.04 msec 3412
61 59.23 msec 3404
62 55.28 msec 3392
63 50.63 msec 3374
64 47.91 msec 3352
65 48.80 msec 3358
66 50.03 msec 3362
67 50.69 msec 3370
68 49.19 msec 3374
69 49.93 msec 3350
70 47.37 msec 3308
71 46.99 msec 3280
72 50.89 msec 3248
73 45.97 msec 3230
74 45.21 msec 3222
75 46.14 msec 3184
76 45.89 msec 3174
77 43.93 msec 3158
78 47.21 msec 3170
79 44.80 msec 3156
80 45.70 msec 3166
81 43.61 msec 3202
82 46.94 msec 3226
83 45.06 msec 3262
84 43.72 msec 3258
85 43.21 msec 3262
86 47.09 msec 3294
87 46.45 msec 3330
88 46.16 msec 3348
89 46.02 msec 3400
90 48.32 msec 3430
91 47.46 msec 3444
92 47.98 msec 3472
93 48.99 msec 3490
94 50.76 msec 3536
95 50.49 msec 3580
96 52.95 msec 3658
97 56.28 msec 3710
98 54.91 msec 3760
99 57.74 msec 3822
100 60.33 msec 3876
101 57.18 msec 3930
102 59.02 msec 3992
103 65.42 msec 4048
104 65.89 msec 4122
105 66.17 msec 4190
106 66.73 msec 4258
107 67.20 msec 4280
108 68.93 msec 4332
109 78.81 msec 4360
110 71.01 msec 4424
111 74.13 msec 4484
112 74.45 msec 4510
113 72.13 msec 4530
114 74.09 msec 4560
115 73.19 msec 4558
116 76.01 msec 4552
117 71.38 msec 4532
118 75.71 msec 4512
119 73.29 msec 4518
120 83.75 msec 4520
121 81.50 msec 4558
122 85.94 msec 4580
123 75.84 msec 4584
124 79.97 msec 4588
125 81.07 msec 4596
126 107.89 msec 4618
127 87.09 msec 4646
128 84.06 msec 4680
129 86.59 msec 4734
130 81.67 msec 4764
131 86.80 msec 4796
132 88.40 msec 4824
133 86.81 msec 4822
134 109.09 msec 4842
135 88.58 msec 4868
136 94.07 msec 4892
137 84.23 msec 4896
138 89.07 msec 4920
139 99.95 msec 4980
140 92.78 msec 4996
