1 1.59898
2 1.44795
3 1.47138
4 1.43532
5 1.34878
6 1.35411
7 1.34991
8 1.35902
9 1.34725
10 1.35325
11 1.33331
12 1.35813
13 1.35503
14 1.39233
15 1.37362
16 1.43213
17 1.36077
18 1.40803
19 1.36931
20 1.41236
21 1.4058
22 1.43818
23 1.42335
24 1.45398
25 1.43188
26 1.43741
27 1.45493
28 1.47207
29 1.43403
30 1.47865
31 1.42291
32 1.46652
33 1.39338
34 1.45574
35 1.4262
36 1.48886
37 1.44766
38 1.46557
39 1.41171
40 1.51731
41 1.40911
42 1.46608
43 1.43285
44 1.46828
45 1.44334
46 1.46773
47 1.47256
48 1.4611
49 1.46111
50 1.5174
51 1.60944
52 1.47302
53 1.47413
54 1.4946
55 1.54944
56 1.50376
57 1.48954
58 1.56023
59 1.52068
60 1.5427
61 1.54236
62 1.54957
63 1.54358
64 1.54694
65 1.54024
66 1.5334
67 1.56417
68 1.54948
69 1.54468
70 1.59977
71 1.56527
72 1.60362
73 1.57384
74 1.56712
75 1.61284
76 1.58003
77 1.60324
78 1.61911
79 1.55156
80 1.62803
81 1.57235
82 1.61438
83 1.61156
84 1.60634
85 1.62399
86 1.62314
87 1.65484
88 1.62719
89 1.5791
90 1.61931
91 1.56819
92 1.57386
93 1.59881
94 1.68559
95 1.62142
96 1.59038
97 1.56141
98 1.53813
99 1.58494
100 1.57143
101 1.67832
102 1.57064
103 1.49743
104 1.5721
105 1.61036
106 1.55192
107 1.53106
108 1.54571
109 1.57965
110 1.53554
111 1.57044
112 1.63102
113 1.56093
114 1.63534
115 1.58024
116 1.58659
117 1.58726
118 1.65138
119 1.56664
120 1.60567
121 1.57009
122 1.68707
123 1.62774
124 1.68915
125 1.69479
126 1.59079
127 1.58691
128 1.73985
129 1.68028
130 1.71382
131 1.62828
132 1.66722
133 1.60966
134 1.70734
135 1.65961
136 1.64822
137 1.65056
138 1.70136
139 1.76171
140 2.09156
141 1.83243
142 1.73815
143 1.68445
144 1.6947
145 1.69509
146 1.72166
147 1.72434
148 0.396149
149 0.514954
150 0.52044
151 0.40541
152 0.499396
153 0.495409
154 0.452063
155 0.466059
156 0.455278
157 0.450763
158 0.448935
159 0.457121
160 0.45415
1 1.39766
2 1.28089
3 1.26032
4 1.28493
5 1.2869
6 1.29871
7 1.2612
8 1.29184
9 1.24858
10 1.30697
11 1.28723
12 1.3058
13 1.31052
14 1.30703
15 1.2989
16 1.33167
17 1.30039
18 1.31821
19 1.29363
20 1.31906
21 1.33801
22 1.33547
23 1.38527
24 1.33338
25 1.33503
26 1.33855
27 1.33441
28 1.35987
29 1.35975
30 1.35762
31 1.37974
32 1.3531
33 1.35263
34 1.3786
35 1.36059
36 1.40455
37 1.37341
38 1.38019
39 1.3335
40 1.41355
41 1.58526
42 1.6499
43 1.40833
44 1.44314
45 1.4141
46 1.41087
47 1.46454
48 1.43815
49 1.40006
50 1.4214
51 1.55801
52 1.40463
53 1.4353
54 1.53682
55 1.45872
56 1.47459
57 1.57873
58 1.56182
59 1.51155
60 1.55806
61 1.57196
62 1.54159
63 1.57503
64 1.63487
65 1.57126
66 1.70488
67 1.62325
68 1.61617
69 1.48429
70 1.57825
71 1.56094
72 1.68808
73 1.60276
74 1.68401
75 1.64928
76 1.62754
77 1.70755
78 1.60277
79 1.59117
80 1.65075
81 1.57998
82 1.65816
83 1.64376
84 1.62229
85 1.64119
86 1.65343
87 1.62116
88 1.64934
89 1.64973
90 1.59908
91 1.62291
92 1.61942
93 1.58129
94 1.62561
95 1.58159
96 1.61665
97 1.58239
98 1.58016
99 1.57327
100 1.59738
101 1.62327
102 1.58313
103 1.70241
104 1.84164
105 1.85121
106 1.81947
107 1.68665
108 1.56965
109 1.65805
110 1.62069
111 1.61464
112 1.68205
113 1.62061
114 1.63304
115 1.61861
116 1.72885
117 1.54895
118 1.66727
119 1.62839
120 1.64901
121 1.62264
122 1.56741
123 2.06307
124 1.78928
125 1.67497
126 1.69638
127 1.68356
128 1.66351
129 1.63154
130 1.7627
131 1.66769
132 1.68517
133 1.65959
134 1.67095
135 1.68277
136 1.74278
137 1.63454
138 1.66423
139 1.72275
140 1.6414
141 1.63655
142 1.70487
143 1.63933
144 1.64271
145 1.64166
146 1.59903
147 1.65819
148 0.396393
149 0.460755
150 0.458302
151 0.457493
152 0.476955
153 0.468101
154 0.470093
155 0.499661
156 0.458227
157 0.45566
158 0.469126
159 0.464151
160 0.468508
1 0.602519
2 0.298995
3 0.30344
4 0.326854
5 0.306291
6 0.330708
7 0.295026
8 0.28313
9 0.285213
10 0.258602
11 0.268093
12 0.260038
13 0.274587
14 0.254245
15 0.255996
16 0.30708
17 0.305012
18 0.299272
19 0.298309
20 0.30512
21 0.312284
22 0.305136
23 0.295902
24 0.312102
25 0.318345
26 0.329407
27 0.29505
28 0.295088
29 0.303964
30 0.303304
31 0.297329
32 0.306933
33 0.358006
34 0.331415
35 0.295577
36 0.312779
37 0.30103
38 0.305534
39 0.301148
40 0.303679
41 0.305603
42 0.297652
43 0.301015
44 0.307273
45 0.301852
46 0.308509
47 0.310197
48 0.307758
49 0.342482
50 0.311741
51 0.320755
52 0.325827
53 0.315871
54 0.330472
1 1.39971
2 1.36491
3 1.26482
4 1.28815
5 1.27426
6 1.29892
7 1.26883
8 1.28312
9 1.29444
10 1.28903
11 1.30981
12 1.29518
13 1.30016
14 1.34379
15 1.48005
16 1.3279
17 1.28818
18 1.32822
19 1.32068
20 1.31482
21 1.31272
22 1.38936
23 1.36142
24 1.34752
25 1.33462
26 1.33766
27 1.36197
28 1.32783
29 1.34316
30 1.35666
31 1.32442
32 1.35245
33 1.33616
34 1.42676
35 1.37497
36 1.38927
37 1.33572
38 1.41842
39 1.35948
40 1.38671
41 1.35473
42 1.38022
43 1.36624
44 1.40519
45 1.34893
46 1.41364
47 1.36411
48 1.36903
49 1.36247
50 1.37219
51 1.40013
52 1.38495
53 1.38229
54 1.41467
55 1.40909
56 1.42367
57 1.4087
58 1.47236
59 1.43221
60 1.45913
61 1.45564
62 1.46907
63 1.43343
64 1.44943
65 1.44661
66 1.45138
67 1.42943
68 1.45838
69 1.43844
70 1.48168
71 1.43787
72 1.50553
73 1.45177
74 1.48507
75 1.5107
76 1.4734
77 1.50486
78 1.48144
79 1.52554
80 1.51731
81 1.48015
82 1.5173
83 1.51492
84 1.48952
85 1.515
86 1.51052
87 1.5096
88 1.50822
89 1.46665
90 1.50808
91 1.47168
92 1.49659
93 1.48418
94 1.49389
95 1.44633
96 1.50005
97 1.48493
98 1.47089
99 1.4611
100 1.43562
101 1.43306
102 1.47556
103 1.3957
104 1.43415
105 1.41424
106 1.41678
107 1.45824
108 1.4806
109 1.44627
110 1.47149
111 1.46499
112 1.48127
113 1.44971
114 1.49912
115 1.48408
116 1.47464
117 1.46659
118 1.49271
119 1.43765
120 1.48091
121 1.45428
122 1.4804
123 1.47215
124 1.4666
125 1.44915
126 1.47445
127 1.45621
128 1.56652
129 1.46092
130 1.509
131 1.51767
132 1.50978
133 1.48373
134 1.52493
135 1.50837
136 1.52648
137 1.58455
138 1.53277
139 1.50227
140 1.52429
141 1.4987
142 1.52265
143 1.50457
144 1.49753
145 1.4591
146 1.44867
147 1.51475
148 0.35735
149 0.336052
150 0.331277
151 0.337543
152 0.415081
153 0.444004
154 0.430634
155 0.444568
156 0.436923
157 0.438662
158 0.438341
159 0.438629
160 0.441937
1 1.45082
2 1.26179
3 1.27315
4 1.27244
5 1.26124
6 1.29594
7 1.27878
8 1.25955
9 1.27936
10 1.27925
11 1.27681
12 1.31849
13 1.30111
14 1.34656
15 1.32368
16 1.36743
17 1.3135
18 1.32068
19 1.34997
20 1.28847
21 1.32952
22 1.32137
23 1.3063
24 1.32815
25 1.32488
26 1.35863
27 1.3119
28 1.34177
29 1.32706
30 1.35168
31 1.34204
32 1.36472
33 1.38816
34 1.35198
35 1.33735
36 1.37335
37 1.36584
38 1.37973
39 1.32828
40 1.38288
41 1.40737
42 1.34361
43 1.35034
44 1.41534
45 1.35835
46 1.35902
47 1.38558
48 1.37493
49 1.35226
50 1.37552
51 1.44232
52 1.4271
53 1.38064
54 1.41009
55 1.41693
56 1.40974
57 1.40348
58 1.46963
59 1.42001
60 1.42736
61 1.44354
62 1.42698
63 1.41434
64 1.42663
65 1.39321
66 1.45353
67 1.44977
68 1.451
69 1.42659
70 1.5125
71 1.43663
72 1.4831
73 1.44007
74 1.48026
75 1.47878
76 1.47554
77 1.48042
78 1.51434
79 1.441
80 1.48563
81 1.46244
82 1.50621
83 1.46388
84 1.48292
85 1.48796
86 1.48076
87 1.48517
88 1.53651
89 1.46326
90 1.53193
91 1.46895
92 1.44633
93 1.46591
94 1.47729
95 1.4363
96 1.46161
97 1.49646
98 1.47119
99 1.44457
100 1.44152
101 1.45783
102 1.46617
103 1.38139
104 1.44966
105 1.39885
106 1.41944
107 1.4425
108 1.44991
109 1.54053
110 1.61842
111 1.51226
112 1.54942
113 1.61146
114 1.54256
115 1.46022
116 1.51758
117 1.45674
118 1.46872
119 1.4383
120 1.46873
121 1.49288
122 1.4599
123 1.49653
124 1.49368
125 1.4488
126 1.48349
127 1.51174
128 1.53202
129 1.46932
130 1.53112
131 1.48745
132 1.53042
133 1.57006
134 1.51825
135 1.5257
136 1.54356
137 1.5283
138 1.53689
139 1.51194
140 1.56954
141 1.55752
142 1.63753
143 1.63843
144 1.58403
145 1.59954
146 1.7253
147 1.61102
148 0.319188
149 0.305859
150 0.303352
151 0.307391
152 0.302934
153 0.307052
154 0.295081
155 0.298461
156 0.300352
157 0.300581
158 0.327381
159 0.392262
160 0.391522
161 0.398373
162 0.402233
163 0.397165
164 0.414411
165 0.399674
166 0.401789
167 0.413029
168 0.40295
169 0.395867
170 0.40565
171 0.395739
172 0.397312
173 0.406126
174 0.399182
175 0.395098
176 0.413665
177 0.395646
178 0.400019
179 0.402227
180 0.4118
181 0.408718
182 0.398332
183 0.403674
184 0.393473
185 0.402066
186 0.396623
187 0.405154
188 0.39332
189 0.392422
190 0.392248
191 0.396425
192 0.415337
193 0.434643
194 0.438724
195 0.4017
196 0.398158
197 0.399673
198 0.406849
199 0.414572
200 0.403208
201 0.387914
202 0.463595
203 0.469751
204 0.458714
205 0.455593
206 0.418217
207 0.406628
208 0.411914
209 0.423985
210 0.414003
211 0.41126
212 0.399687
213 0.417309
214 0.433569
1 1.43084
2 1.26953
3 1.33329
4 1.28371
5 1.3316
6 1.27655
7 1.28709
8 1.28909
9 1.2985
10 1.28498
11 1.28233
12 1.33667
13 1.30425
14 1.30942
15 1.31354
16 1.30967
17 1.31431
18 1.32329
19 1.30336
20 1.30473
21 1.31614
22 1.33257
23 1.34587
24 1.31911
25 1.50731
26 1.44575
27 1.39164
28 1.40402
29 1.39535
30 1.45283
31 1.38922
32 1.41054
33 1.4201
34 1.4431
35 1.40082
36 1.44641
37 1.39104
38 1.48096
39 1.40414
40 1.46808
41 1.41578
42 1.42998
43 1.4269
44 1.45988
45 1.40365
46 1.48998
47 1.42375
48 1.44641
49 1.43284
50 1.57715
51 1.60579
52 1.52447
1 0.294583
2 0.272688
3 0.26789
4 0.258767
5 0.252811
6 0.252364
7 0.257428
8 0.257223
9 0.26023
10 0.261347
11 0.279999
12 0.258653
13 0.26626
14 0.265392
15 0.259301
16 0.305436
17 0.305367
18 0.303962
19 0.308005
20 0.294875
21 0.29533
22 0.308856
23 0.304514
24 0.300791
25 0.29292
26 0.300839
27 0.316757
28 0.292738
29 0.32446
30 0.301613
31 0.302089
32 0.295191
33 0.30967
34 0.316444
35 0.312452
36 0.33052
37 0.329999
38 0.301996
39 0.303196
40 0.301565
41 0.310129
42 0.303395
43 0.312184
44 0.304647
45 0.308533
46 0.303481
47 0.315606
48 0.309215
49 0.314722
50 0.302823
51 0.327744
52 0.319049
53 0.309177
54 0.312129
1 0.323266
2 0.281324
3 0.267335
4 0.267385
5 0.294889
6 0.255925
7 0.255751
8 0.254915
9 0.260194
10 0.252509
11 0.268541
12 0.275495
13 0.262008
14 0.265026
15 0.258248
16 0.307484
17 0.304282
18 0.302549
19 0.295536
20 0.301817
21 0.302262
22 0.305784
23 0.302988
24 0.297063
25 0.301625
26 0.299279
27 0.309218
28 0.298752
29 0.302951
30 0.303056
31 0.30868
32 0.301433
33 0.306606
34 0.303458
35 0.315497
36 0.305112
37 0.313298
38 0.300238
39 0.308726
40 0.305877
41 0.317988
42 0.322718
43 0.303055
44 0.302929
45 0.303715
46 0.298813
47 0.312146
48 0.298884
49 0.309902
50 0.318277
51 0.317686
52 0.311717
53 0.327305
54 0.308547
55 0.311549
56 0.306138
57 0.318888
58 0.313904
59 0.308458
60 0.310042
61 0.315966
62 0.31117
63 0.316213
64 0.31472
65 0.314461
66 0.316467
67 0.307285
68 0.31047
69 0.317431
70 0.321593
71 0.315558
72 0.319214
73 0.309309
74 0.313511
75 0.315887
76 0.309479
77 0.319513
78 0.315687
79 0.320508
80 0.312902
81 0.319753
82 0.348898
83 0.341856
84 0.354111
85 0.316105
86 0.315357
87 0.367721
88 0.362909
89 0.365946
90 0.364791
91 0.369403
92 0.370845
93 0.36221
94 0.365747
95 0.365124
96 0.368854
97 0.371855
98 0.365839
99 0.367652
100 0.37121
101 0.321766
102 0.360579
103 0.379231
104 0.360471
105 0.373264
106 0.363827
107 0.366178
108 0.368378
109 0.376158
110 0.364323
111 0.367214
112 0.370085
113 0.385636
114 0.396717
115 0.405708
116 0.391398
1 0.295133
2 0.272614
3 0.260007
4 0.266611
5 0.263033
6 0.259058
7 0.261668
8 0.254395
9 0.256826
10 0.261112
11 0.263196
12 0.256888
13 0.258991
14 0.263955
15 0.256449
16 0.30244
17 0.310281
18 0.299144
19 0.299353
20 0.302478
21 0.295128
22 0.305411
23 0.300183
24 0.293705
25 0.301087
26 0.296378
27 0.305917
28 0.298007
29 0.303262
30 0.304523
31 0.304055
32 0.31301
33 0.305756
34 0.304163
35 0.304307
36 0.313035
37 0.309071
38 0.302569
39 0.301674
40 0.297976
41 0.305258
42 0.307759
43 0.3077
44 0.307434
45 0.298954
46 0.304085
47 0.299875
48 0.299576
49 0.305276
50 0.304339
51 0.320449
52 0.302639
53 0.316443
54 0.306939
1 0.293254
2 0.276217
3 0.263083
4 0.268527
5 0.257454
6 0.25449
7 0.263533
8 0.265795
9 0.290805
10 0.267922
11 0.271021
12 0.260142
13 0.261245
14 0.260275
15 0.252047
16 0.318092
17 0.298953
18 0.30346
19 0.294835
20 0.301712
21 0.298064
22 0.29999
23 0.299046
24 0.308816
25 0.306113
26 0.293139
27 0.297848
28 0.294776
29 0.300582
30 0.303085
31 0.305521
32 0.302577
33 0.30173
34 0.301959
35 0.31216
36 0.296044
37 0.302803
38 0.295404
39 0.305306
40 0.304667
41 0.304287
42 0.309024
43 0.301962
44 0.308171
45 0.303553
46 0.315372
47 0.30116
48 0.30411
49 0.303498
50 0.306114
51 0.325537
52 0.333229
53 0.304376
54 0.294251
1 0.318388
2 0.284984
3 0.268377
4 0.27133
5 0.26054
6 0.257993
7 0.260665
8 0.256936
9 0.26032
10 0.255682
11 0.257136
12 0.264696
13 0.265622
14 0.260978
15 0.259681
16 0.304017
17 0.306242
18 0.305574
19 0.317748
20 0.307635
21 0.30957
22 0.311486
23 0.304509
24 0.30621
25 0.299394
26 0.316667
27 0.310503
28 0.308529
29 0.356297
30 0.293048
31 0.300504
32 0.308878
33 0.303011
34 0.300077
35 0.305624
36 0.31615
37 0.300361
38 0.308064
39 0.308379
40 0.301429
41 0.306549
42 0.29712
43 0.306175
44 0.307356
45 0.308331
46 0.317826
47 0.308226
48 0.303979
49 0.307845
50 0.307262
51 0.310784
52 0.349936
53 0.32546
54 0.314045
1 0.322053
2 0.279539
3 0.267861
4 0.269242
5 0.259305
6 0.26355
7 0.258653
8 0.255233
9 0.260498
10 0.257864
11 0.270847
12 0.24709
13 0.258146
14 0.26241
15 0.256658
16 0.304179
17 0.304608
18 0.310878
19 0.314836
20 0.300354
21 0.307607
22 0.298464
23 0.287029
24 0.301724
25 0.304623
26 0.301959
27 0.309058
28 0.301092
29 0.298419
30 0.324823
31 0.32182
32 0.29808
33 0.295502
34 0.309284
35 0.302556
36 0.305275
37 0.298171
38 0.302389
39 0.304338
40 0.298475
41 0.303171
42 0.3066
43 0.291819
44 0.298844
45 0.30384
46 0.307535
47 0.303359
48 0.312217
49 0.310537
50 0.29907
51 0.314672
52 0.299478
53 0.310759
54 0.298793
55 0.313279
56 0.309368
57 0.337428
58 0.304192
59 0.309405
60 0.310813
61 0.305447
62 0.306101
63 0.321605
64 0.309131
65 0.315264
66 0.308098
67 0.306909
68 0.315105
69 0.312889
70 0.314869
71 0.361502
72 0.370843
73 0.370275
74 0.366515
75 0.373599
76 0.379117
77 0.363523
78 0.363779
79 0.375677
80 0.365876
81 0.370997
82 0.380453
83 0.365588
84 0.36758
85 0.366004
86 0.36508
87 0.413977
88 0.367886
89 0.381079
90 0.370508
91 0.363576
92 0.366226
93 0.362134
94 0.367206
95 0.387405
96 0.369069
97 0.365774
98 0.36939
99 0.365322
100 0.380176
101 0.354666
102 0.378485
103 0.370886
104 0.374656
105 0.372819
106 0.378174
107 0.369321
108 0.370862
109 0.384299
110 0.377494
111 0.367562
112 0.380122
113 0.371124
114 0.371683
115 0.36945
116 0.376453
117 0.396607
118 0.37535
119 0.377101
120 0.37426
121 0.36729
122 0.373013
123 0.374006
124 0.367664
125 0.382568
126 0.376869
127 0.372522
128 0.377013
129 0.370747
130 0.367904
131 0.387557
132 0.373191
133 0.376066
134 0.375834
135 0.370965
136 0.36955
137 0.380592
138 0.371095
139 0.376428
140 0.374933
141 0.371649
142 0.368369
143 0.388286
144 0.373086
145 0.3743
146 0.371309
147 0.373973
148 0.378864
149 0.38513
150 0.374072
151 0.328293
152 0.374616
153 0.384532
154 0.375628
155 0.393116
156 0.380108
157 0.374493
158 0.374512
159 0.379678
160 0.37558
161 0.386035
162 0.372433
163 0.371269
164 0.386782
165 0.406441
166 0.371599
167 0.386868
168 0.371676
169 0.378807
170 0.372551
171 0.378121
172 0.422304
173 0.387127
174 0.409502
175 0.385566
176 0.376574
177 0.383936
178 0.376733
179 0.384363
180 0.38229
181 0.371397
182 0.381253
183 0.378403
184 0.384285
185 0.390844
186 0.380747
187 0.37723
188 0.370027
189 0.379606
190 0.380734
191 0.387997
192 0.386201
193 0.375446
194 0.386764
195 0.380951
196 0.383689
197 0.38836
198 0.389041
199 0.383899
200 0.382334
201 0.327991
202 0.378215
203 0.388672
204 0.374805
205 0.378246
206 0.380475
207 0.380154
208 0.378786
209 0.389856
210 0.386137
211 0.385938
212 0.381786
213 0.381471
214 0.386287
215 0.384955
216 0.381035
217 0.385672
218 0.37327
219 0.380927
220 0.379171
221 0.390391
222 0.382285
223 0.396285
224 0.396385
225 0.387836
226 0.391605
1 0.295218
2 0.258904
3 0.267827
4 0.262924
5 0.262448
6 0.262559
7 0.259626
8 0.248484
9 0.28695
10 0.298369
11 0.260845
12 0.252747
13 0.250291
14 0.26317
15 0.258138
16 0.310563
17 0.302019
18 0.306258
19 0.306413
20 0.303837
21 0.301913
22 0.294932
23 0.300033
24 0.308485
25 0.311467
26 0.300841
27 0.296166
28 0.301736
29 0.299036
30 0.298105
31 0.308813
32 0.301515
33 0.306188
34 0.306865
35 0.308572
36 0.304976
37 0.302436
38 0.30535
39 0.317996
40 0.334321
41 0.307113
42 0.31161
43 0.309308
44 0.305228
45 0.312848
46 0.311713
47 0.315215
48 0.346391
49 0.369766
50 0.376666
51 0.303902
52 0.336922
53 0.382792
54 0.409894
55 0.368996
56 0.376671
57 0.409071
58 0.375876
59 0.380768
60 0.365157
61 0.374933
62 0.372391
63 0.377963
64 0.375897
65 0.383975
66 0.381353
67 0.379898
68 0.373422
69 0.367794
70 0.371388
71 0.373237
72 0.382316
73 0.369135
74 0.370001
75 0.372546
76 0.367659
77 0.380368
78 0.393629
79 0.370154
80 0.370438
81 0.372186
82 0.372598
83 0.370857
84 0.376289
85 0.37341
86 0.373602
87 0.416431
88 0.374567
89 0.37794
90 0.386985
91 0.382084
92 0.379688
93 0.380302
94 0.371202
95 0.374178
96 0.386577
97 0.378555
98 0.379169
99 0.377837
100 0.370227
101 0.338942
102 0.378353
103 0.378693
104 0.383906
105 0.379586
106 0.38241
107 0.395888
108 0.384568
109 0.383043
110 0.3751
111 0.374024
112 0.385235
113 0.4344
114 0.412282
115 0.381712
116 0.37617
117 0.382105
118 0.37583
119 0.383153
120 0.38988
121 0.385243
122 0.392253
123 0.379203
124 0.379929
125 0.38983
126 0.38532
127 0.382297
128 0.366785
129 0.37424
130 0.378121
131 0.378119
132 0.386472
133 0.37928
134 0.379677
135 0.376206
136 0.383347
137 0.38904
138 0.399859
139 0.37898
140 0.38607
141 0.377157
142 0.385959
143 0.38989
144 0.382831
145 0.384027
146 0.373963
147 0.381065
148 0.380442
149 0.381086
150 0.389582
151 0.33147
152 0.378036
153 0.381123
154 0.378698
155 0.394548
156 0.37719
157 0.385663
158 0.384072
159 0.379008
160 0.375989
161 0.393158
162 0.386115
163 0.379225
164 0.381781
165 0.387087
166 0.377709
167 0.402455
168 0.380273
169 0.382637
170 0.383489
171 0.44282
172 0.445269
173 0.413504
1 0.302042
2 0.2687
3 0.269143
4 0.263269
5 0.260499
6 0.253172
7 0.255027
8 0.252762
9 0.257156
10 0.255086
11 0.258454
12 0.263351
13 0.254996
14 0.262211
15 0.257838
16 0.311374
17 0.298257
18 0.295607
19 0.301877
20 0.303263
21 0.310782
22 0.299598
23 0.297027
24 0.294562
25 0.303068
26 0.30072
27 0.303118
28 0.308749
29 0.299915
30 0.304763
31 0.300641
32 0.292419
33 0.304333
34 0.305206
35 0.313326
36 0.30094
37 0.302659
38 0.308614
39 0.299616
40 0.30181
41 0.335526
42 0.302558
43 0.306879
44 0.298999
45 0.301528
46 0.305047
47 0.31243
48 0.310931
49 0.296895
50 0.310078
51 0.312144
52 0.301893
53 0.310577
54 0.310726
1 0.293811
2 0.277444
3 0.272093
4 0.273067
5 0.26998
6 0.271324
7 0.274221
8 0.266648
9 0.266737
10 0.278302
11 0.285819
12 0.26077
13 0.288254
14 0.259836
15 0.28175
16 0.330564
17 0.32233
18 0.312925
19 0.309295
20 0.321242
21 0.308458
22 0.300807
23 0.305861
24 0.30706
25 0.301352
26 0.2994
27 0.315561
28 0.312535
29 0.30681
30 0.307337
31 0.304194
32 0.31785
33 0.315071
34 0.309733
35 0.305889
36 0.309002
37 0.308329
38 0.304794
39 0.313583
40 0.315613
41 0.313995
42 0.304065
43 0.315259
44 0.311883
45 0.315045
46 0.312662
47 0.312814
48 0.319988
49 0.312682
50 0.315205
51 0.325897
52 0.33389
53 0.333328
54 0.32217
55 0.320586
56 0.346495
57 0.314479
58 0.346891
59 0.337276
60 0.319507
61 0.335225
62 0.315136
63 0.326369
64 0.317167
65 0.32462
66 0.308935
67 0.315174
68 0.320399
69 0.319742
70 0.361265
71 0.320282
72 0.320256
73 0.335058
74 0.366413
75 0.377231
76 0.38063
77 0.375299
78 0.361455
79 0.37574
80 0.3731
81 0.365624
82 0.366407
83 0.372417
84 0.370192
85 0.374363
86 0.368685
87 0.417039
88 0.396285
89 0.39142
90 0.392178
91 0.386496
92 0.387667
93 0.382543
94 0.39879
95 0.38932
96 0.387607
97 0.395792
98 0.390397
99 0.386328
100 0.396114
101 0.326488
102 0.390016
103 0.382868
104 0.391703
105 0.395712
106 0.396811
107 0.386515
108 0.386194
109 0.389441
110 0.40196
111 0.405777
112 0.394491
113 0.382901
114 0.384892
115 0.382725
116 0.379327
117 0.395821
118 0.39892
119 0.389506
120 0.383491
121 0.387278
122 0.393303
123 0.393422
124 0.389145
125 0.38475
126 0.384122
127 0.390103
128 0.424914
129 0.398146
130 0.386512
131 0.379845
132 0.384321
133 0.387645
134 0.398838
135 0.400311
136 0.42666
137 0.415214
138 0.389755
139 0.382191
140 0.393089
141 0.40196
142 0.387591
143 0.389517
144 0.392508
145 0.391968
146 0.38615
147 0.398145
148 0.39305
149 0.390848
150 0.391325
151 0.335148
152 0.398354
153 0.396243
154 0.393186
155 0.382502
156 0.386573
157 0.415706
158 0.416577
159 0.383709
1 0.284539
2 0.263831
3 0.265324
4 0.279354
5 0.259911
6 0.261853
7 0.265668
8 0.263896
9 0.258178
10 0.266073
11 0.260245
12 0.268231
13 0.27647
14 0.25468
15 0.265984
16 0.312974
17 0.320863
18 0.353259
19 0.325499
20 0.31438
21 0.310899
22 0.29997
23 0.307744
24 0.310674
25 0.314383
26 0.330405
27 0.320129
28 0.315981
29 0.316843
30 0.306672
31 0.429533
32 0.379866
33 0.379371
34 0.384774
35 0.390283
36 0.379309
37 0.375915
38 0.377103
39 0.377392
40 0.381645
41 0.420139
42 0.384341
43 0.37363
44 0.389155
45 0.397729
46 0.390292
47 0.380894
48 0.375922
49 0.378739
50 0.373532
51 0.314617
52 0.319932
53 0.386906
54 0.37496
55 0.38219
56 0.383807
57 0.391907
58 0.375063
59 0.378233
60 0.381396
61 0.375165
62 0.38417
63 0.399754
64 0.379639
65 0.386831
66 0.381513
67 0.381927
68 0.385533
69 0.397953
70 0.387788
71 0.385754
72 0.395027
73 0.41897
74 0.389988
75 0.406684
76 0.38801
77 0.385729
78 0.380388
79 0.387111
80 0.389097
81 0.393516
82 0.38191
83 0.383936
84 0.390233
85 0.390087
86 0.383585
87 0.466072
88 0.40071
89 0.383308
90 0.39171
91 0.393722
92 0.400065
93 0.397494
94 0.394114
95 0.389382
96 0.392958
97 0.386721
98 0.407969
99 0.380567
100 0.384874
101 0.341159
102 0.394601
103 0.393321
104 0.399342
105 0.391785
106 0.412492
107 0.393588
108 0.400988
109 0.404177
110 0.392453
111 0.393948
112 0.384758
113 0.387016
114 0.388838
115 0.410365
116 0.388566
117 0.388205
118 0.406786
119 0.399986
120 0.394707
121 0.396427
122 0.389171
123 0.38302
124 0.395707
125 0.386122
126 0.390062
127 0.401772
128 0.389417
129 0.392223
130 0.396207
131 0.40685
132 0.406006
133 0.396718
134 0.396642
135 0.393064
136 0.390041
137 0.38881
138 0.390433
139 0.404056
140 0.397227
141 0.436516
142 0.39654
143 0.399753
144 0.393446
145 0.409113
146 0.395206
147 0.393078
148 0.386419
149 0.396763
150 0.399461
151 0.341309
152 0.394982
153 0.39957
154 0.392832
155 0.39471
156 0.406641
157 0.392615
158 0.39289
159 0.398485
160 0.391115
161 0.397462
162 0.397527
163 0.398518
164 0.396509
165 0.399161
166 0.388288
167 0.411594
168 0.39557
169 0.402371
170 0.393566
171 0.394686
172 0.433623
173 0.413995
174 0.404274
175 0.397046
176 0.404577
177 0.390399
178 0.403069
179 0.404298
180 0.400878
181 0.4048
1 0.30889
2 0.298514
3 0.296696
4 0.282819
5 0.279703
6 0.301972
7 0.288219
8 0.271857
9 0.283443
10 0.279031
11 0.269129
12 0.269426
13 0.273607
14 0.278042
15 0.265337
16 0.315318
17 0.31574
18 0.31614
19 0.32079
20 0.314802
21 0.313377
22 0.308835
23 0.315997
24 0.320435
25 0.310378
26 0.315974
27 0.326007
28 0.322126
29 0.325756
30 0.315025
31 0.320622
32 0.327366
33 0.318989
34 0.317511
35 0.315369
36 0.316475
37 0.308783
38 0.326407
39 0.318971
40 0.318856
41 0.318308
42 0.311772
43 0.321745
44 0.320563
45 0.317059
46 0.309818
47 0.319763
48 0.321312
49 0.312925
50 0.322874
51 0.325491
52 0.316607
53 0.310284
54 0.328744
1 0.382552
2 0.335983
3 0.304117
4 0.30154
5 0.302655
6 0.300465
7 0.292744
8 0.259659
9 0.256855
10 0.262151
11 0.257615
12 0.256647
13 0.263858
14 0.256364
15 0.262522
16 0.295842
17 0.310983
18 0.297541
19 0.299838
20 0.294588
21 0.301922
22 0.304298
23 0.304347
24 0.30118
25 0.306756
26 0.300998
27 0.302166
28 0.303258
29 0.297813
30 0.305047
31 0.305958
32 0.31085
33 0.3693
34 0.361115
35 0.300467
36 0.301697
37 0.302347
38 0.304179
39 0.297249
40 0.310501
41 0.31053
42 0.309869
43 0.403764
44 0.400707
45 0.409172
46 0.407641
47 0.412854
48 0.41366
49 0.403704
50 0.396517
51 0.320198
52 0.38165
53 0.415467
54 0.416856
1 0.300186
2 0.275297
3 0.295046
4 0.272325
5 0.263849
6 0.270923
7 0.26381
8 0.264853
9 0.259921
10 0.253703
11 0.26585
12 0.260875
13 0.265212
14 0.266338
15 0.326938
16 0.31187
17 0.316733
18 0.307974
19 0.317817
20 0.312679
21 0.325075
22 0.316589
23 0.308999
24 0.341681
25 0.31477
26 0.312562
27 0.316664
28 0.325488
29 0.313656
30 0.327297
31 0.341603
32 0.330435
33 0.324737
34 0.321668
35 0.316428
36 0.315436
37 0.326343
38 0.315963
39 0.325434
40 0.323041
41 0.321602
42 0.328804
43 0.320255
44 0.324015
45 0.320886
46 0.339496
47 0.333579
48 0.330557
1 0.345935
2 0.319098
3 0.338712
4 0.319137
5 0.323405
6 0.32471
7 0.320438
8 0.317726
9 0.322256
10 0.309758
11 0.31744
12 0.320795
13 0.327634
14 0.324688
15 0.39629
16 0.41044
17 0.373036
18 0.379175
19 0.441951
20 0.400437
21 0.379807
22 0.385813
23 0.388479
24 0.400126
25 0.410266
26 0.383288
27 0.403272
28 0.390697
29 0.380479
30 0.385951
31 0.384079
32 0.397401
33 0.436026
34 0.395926
35 0.395516
36 0.391448
37 0.385392
38 0.393249
39 0.383931
40 0.39651
41 0.410847
42 0.401684
43 0.389471
44 0.386987
45 0.396073
46 0.397948
47 0.445532
48 0.393862
1 0.402382
2 0.317604
3 0.32293
4 0.307123
5 0.27736
6 0.286166
7 0.282656
8 0.26738
9 0.280385
10 0.264463
11 0.281091
12 0.286933
13 0.326819
14 0.358492
15 0.345
16 0.336713
17 0.342201
18 0.313498
19 0.320563
20 0.320265
21 0.318952
22 0.319429
23 0.340919
24 0.321917
25 0.333982
26 0.328536
27 0.336033
28 0.328685
29 0.327943
30 0.316269
31 0.322495
32 0.329431
33 0.324147
34 0.315137
35 0.330819
36 0.331919
37 0.322906
38 0.323754
39 0.328934
40 0.321649
41 0.329857
42 0.333225
43 0.319085
44 0.327504
45 0.337786
46 0.333906
47 0.334146
48 0.341932
1 0.37867
2 0.379482
3 0.334015
4 0.309248
5 0.328242
6 0.302055
7 0.311947
8 0.307761
9 0.307633
10 0.305955
11 0.292731
12 0.290665
13 0.289097
14 0.295527
15 0.356187
16 0.355967
17 0.334717
18 0.343447
19 0.351594
20 0.395609
21 0.360465
22 0.326891
23 0.353405
24 0.344634
25 0.351258
26 0.343129
27 0.350033
28 0.350699
29 0.350686
30 0.372952
31 0.386511
32 0.36652
33 0.350093
34 0.360875
35 0.351474
36 0.35371
37 0.366372
38 0.351079
39 0.364668
40 0.37293
41 0.360298
42 0.413448
43 0.375959
44 0.365308
45 0.340408
46 0.333737
47 0.332988
48 0.327313
1 0.349472
2 0.304109
3 0.299385
4 0.281804
5 0.267862
6 0.288208
7 0.267452
8 0.263556
9 0.266756
10 0.268584
11 0.276065
12 0.280404
13 0.276434
14 0.277224
15 0.370278
16 0.337452
17 0.358585
18 0.327441
19 0.334785
20 0.31081
21 0.329174
22 0.328472
23 0.317714
24 0.324859
25 0.321957
26 0.319545
27 0.351166
28 0.34007
29 0.323992
30 0.329085
31 0.327955
32 0.318833
33 0.33012
34 0.325098
35 0.333602
36 0.322189
37 0.321989
38 0.331734
39 0.327221
40 0.327928
41 0.333788
42 0.324959
43 0.330877
44 0.324181
45 0.332472
46 0.32627
47 0.326562
48 0.338827
49 0.325865
50 0.345442
51 0.356875
52 0.368113
53 0.393896
54 0.446214
55 0.472685
56 0.432574
57 0.439911
58 0.389694
59 0.378091
60 0.381422
61 0.391225
62 0.382265
63 0.427402
64 0.384026
65 0.373397
66 0.374213
67 0.37515
68 0.377967
69 0.380458
70 0.368532
71 0.407559
72 0.379105
73 0.397049
74 0.378707
75 0.399544
76 0.377703
77 0.380578
78 0.369224
79 0.372725
80 0.377703
81 0.378377
82 0.387092
83 0.392276
84 0.439624
85 0.416658
86 0.415274
87 0.415842
88 0.412681
89 0.430963
90 0.415843
91 0.430529
92 0.40986
93 0.420272
94 0.430053
95 0.425832
96 0.428818
97 0.428618
98 0.444544
99 0.435976
100 0.434774
101 0.395157
102 0.435167
103 0.421466
104 0.438223
105 0.434129
106 0.456774
107 0.443901
108 0.435782
109 0.450839
110 0.43489
111 0.439759
112 0.474525
113 0.438383
114 0.451405
115 0.440897
116 0.477368
117 0.442454
118 0.436706
119 0.45647
120 0.426398
121 0.415263
122 0.395968
123 0.397616
124 0.417404
125 0.404964
126 0.404935
127 0.414212
128 0.40195
129 0.419112
130 0.419677
131 0.421986
132 0.435327
133 0.452078
134 0.426956
135 0.441607
136 0.422699
1 0.316238
2 0.276939
3 0.273218
4 0.26891
5 0.285512
6 0.269317
7 0.280657
8 0.266055
9 0.269457
10 0.273405
11 0.271433
12 0.265382
13 0.271187
14 0.272257
15 0.326204
16 0.320407
17 0.312492
18 0.320051
19 0.314778
20 0.32112
21 0.324567
22 0.328019
23 0.319434
24 0.32022
25 0.318196
26 0.3168
27 0.312705
28 0.350633
29 0.335501
30 0.330685
31 0.321774
32 0.332792
33 0.325802
34 0.332665
35 0.325472
36 0.322135
37 0.317325
38 0.367976
39 0.376459
40 0.376302
41 0.403995
42 0.374921
43 0.39633
44 0.38502
45 0.390248
46 0.386435
47 0.394765
48 0.392863
1 0.335422
2 0.295172
3 0.305545
4 0.294047
5 0.284865
6 0.280618
7 0.315386
8 0.304085
9 0.30209
10 0.321702
11 0.319156
12 0.286843
13 0.281231
14 0.285808
15 0.303277
16 0.335621
17 0.363507
18 0.335443
19 0.339185
20 0.333452
21 0.338834
22 0.342094
23 0.32807
24 0.326412
25 0.336039
26 0.353578
27 0.335149
28 0.335558
29 0.321372
30 0.318469
31 0.332939
32 0.3382
33 0.326929
34 0.324928
35 0.322081
36 0.336332
37 0.331924
38 0.323607
39 0.329304
40 0.345718
41 0.349474
42 0.339299
43 0.332911
44 0.349678
45 0.35343
46 0.340842
47 0.333188
48 0.332431
49 0.343971
50 0.349144
51 0.359723
52 0.356551
53 0.330793
54 0.323468
55 0.333765
56 0.332384
57 0.330454
58 0.340199
59 0.34561
60 0.337033
61 0.358471
62 0.328093
63 0.347545
64 0.33355
65 0.33199
66 0.340552
67 0.330275
68 0.338662
69 0.346858
70 0.343858
71 0.336057
72 0.347195
73 0.346709
74 0.338562
75 0.351718
76 0.345
77 0.331743
78 0.39222
79 0.394674
80 0.402514
81 0.400293
82 0.395703
83 0.426104
84 0.402317
85 0.40135
86 0.405991
87 0.457435
88 0.4636
89 0.415135
90 0.404242
91 0.397331
92 0.428752
93 0.419381
94 0.418085
95 0.409639
96 0.4153
97 0.400358
98 0.409799
99 0.389573
100 0.392147
101 0.358207
102 0.415329
103 0.399146
104 0.406643
105 0.393799
106 0.389904
107 0.394732
108 0.413456
109 0.401117
110 0.389352
111 0.393019
112 0.397854
113 0.396378
114 0.407106
115 0.397793
116 0.401689
117 0.406693
118 0.389546
119 0.41465
120 0.479397
121 0.424202
122 0.404228
123 0.39549
124 0.398261
125 0.398459
126 0.39538
127 0.404913
128 0.407588
129 0.423974
130 0.414352
131 0.399002
132 0.400278
133 0.399775
134 0.397473
135 0.416994
136 0.400367
137 0.405035
138 0.366296
139 0.362053
140 0.360925
141 0.367952
142 0.361294
143 0.353693
144 0.360123
145 0.359217
146 0.360239
147 0.362697
148 0.359219
149 0.362649
150 0.353824
151 0.324764
152 0.315477
153 0.341806
154 0.36752
155 0.366258
156 0.370825
157 0.364755
158 0.370012
159 0.376096
160 0.375109
161 0.394495
162 0.371511
163 0.365974
164 0.364254
165 0.377746
166 0.36474
167 0.368471
168 0.370861
169 0.373401
170 0.366707
171 0.373748
172 0.432032
173 0.3622
174 0.36484
175 0.365319
176 0.377159
177 0.371135
178 0.369551
179 0.367453
180 0.364983
181 0.36784
182 0.369845
183 0.368572
184 0.363975
185 0.375107
186 0.366942
187 0.366926
188 0.379412
189 0.36173
190 0.365864
191 0.366421
192 0.389306
193 0.393052
194 0.403696
195 0.409448
196 0.389615
197 0.378852
198 0.370531
199 0.37503
200 0.392499
201 0.34007
202 0.316206
203 0.347625
204 0.382603
205 0.392581
206 0.375818
207 0.379057
208 0.412924
209 0.376824
210 0.379101
1 0.334844
2 0.301234
3 0.288422
4 0.287442
5 0.286002
6 0.282161
7 0.277764
8 0.281477
9 0.287194
10 0.293092
11 0.28112
12 0.288936
13 0.280282
14 0.282805
15 0.280997
16 0.333118
17 0.332269
18 0.331336
19 0.377144
20 0.386143
21 0.389309
22 0.386926
23 0.405355
24 0.394638
25 0.383191
26 0.399329
27 0.387854
28 0.417501
29 0.404017
30 0.390305
31 0.394233
32 0.401422
33 0.397828
34 0.397196
35 0.3921
36 0.39812
37 0.382967
38 0.386683
39 0.389136
40 0.409578
41 0.397577
42 0.402244
43 0.394757
44 0.391028
45 0.40064
46 0.399481
47 0.407694
48 0.412039
49 0.388103
50 0.388405
51 0.368337
52 0.396948
53 0.402252
54 0.399757
1 0.380425
2 0.309306
3 0.294128
4 0.289018
5 0.27514
6 0.285131
7 0.292909
8 0.286709
9 0.285114
10 0.29843
11 0.30682
12 0.287861
13 0.281631
14 0.282806
15 0.29619
16 0.367866
17 0.345358
18 0.331007
19 0.333513
20 0.328904
21 0.331327
22 0.333776
23 0.330954
24 0.331763
25 0.318254
26 0.334321
27 0.32373
28 0.342395
29 0.331697
30 0.338302
31 0.325131
32 0.328057
33 0.342259
34 0.32449
35 0.335093
36 0.326004
37 0.340336
38 0.329713
39 0.342765
40 0.340809
41 0.313902
42 0.339936
43 0.325384
44 0.332846
45 0.339792
46 0.342569
47 0.334076
48 0.320188
49 0.342165
50 0.332174
51 0.323678
52 0.330134
53 0.34292
54 0.338343
1 0.34203
2 0.314939
3 0.288507
4 0.289599
5 0.30794
6 0.296223
7 0.285998
8 0.286589
9 0.288971
10 0.293395
11 0.277131
12 0.297825
13 0.273323
14 0.299275
15 0.292856
16 0.33044
17 0.334873
18 0.346178
19 0.332782
20 0.327115
21 0.332908
22 0.325178
23 0.330572
24 0.339467
25 0.322906
26 0.333329
27 0.33962
28 0.341487
29 0.340122
30 0.348739
31 0.325627
32 0.330301
33 0.335711
34 0.322837
35 0.330742
36 0.331325
37 0.326998
38 0.325223
39 0.330598
40 0.330745
41 0.336025
42 0.329203
43 0.33265
44 0.333447
45 0.339737
46 0.321274
47 0.337987
48 0.325304
49 0.326711
50 0.333095
51 0.339895
52 0.339992
53 0.322631
54 0.331377
55 0.349994
56 0.34082
57 0.330416
58 0.344974
59 0.337674
60 0.340363
61 0.339983
62 0.34094
63 0.350642
64 0.333137
65 0.331734
66 0.333107
67 0.345622
68 0.325239
69 0.33695
70 0.361859
71 0.334554
72 0.335996
73 0.330317
74 0.345822
75 0.353885
76 0.347029
77 0.348319
78 0.40918
79 0.403802
80 0.409692
81 0.399669
82 0.3945
83 0.393698
84 0.393522
85 0.413224
86 0.401432
87 0.446529
88 0.393727
89 0.380521
90 0.403633
91 0.390045
92 0.398149
93 0.396445
94 0.392204
95 0.39957
96 0.398541
97 0.411813
98 0.39982
99 0.397789
100 0.396071
101 0.402379
102 0.406013
103 0.403617
104 0.40118
105 0.390236
106 0.406033
107 0.404537
108 0.397084
109 0.395865
110 0.439098
111 0.423915
112 0.43614
113 0.419735
114 0.407837
115 0.415406
116 0.418457
117 0.404927
118 0.421548
119 0.419752
120 0.396417
121 0.401171
122 0.395957
123 0.427199
124 0.407652
125 0.405719
126 0.418245
127 0.406015
1 0.401282
2 0.313643
3 0.311574
4 0.321145
5 0.307622
6 0.307451
7 0.306497
8 0.298436
9 0.294282
10 0.302164
11 0.301483
12 0.300335
13 0.296884
14 0.293024
15 0.310133
1 0.338709
2 0.29812
3 0.293436
4 0.293524
5 0.282185
6 0.280822
7 0.29501
8 0.286582
9 0.285756
10 0.283873
11 0.280179
12 0.285414
13 0.281346
14 0.290345
15 0.287223
16 0.363082
17 0.349992
18 0.447541
19 0.561046
20 0.667333
21 0.711702
22 0.907029
23 0.968941
24 1.05779
25 1.16819
26 1.27464
27 1.30268
28 1.39169
29 1.59523
30 1.59931
31 1.709
32 1.84756
1 0.342837
2 0.339988
3 0.297982
4 0.298324
5 0.299136
6 0.298471
7 0.290591
8 0.294161
9 0.296702
10 0.287183
11 0.285435
12 0.28461
13 0.28536
14 0.274617
15 0.289365
16 0.344723
17 0.367095
18 0.449214
19 0.59031
20 0.735701
21 0.740585
22 0.946475
23 1.00653
24 1.09349
25 1.13569
26 1.36641
27 1.37301
28 0.457931
29 1.45621
30 1.75483
31 1.9195
32 2.01096
33 2.24291
34 2.50034
35 2.60957
1 0.348844
2 0.295876
3 0.295497
4 0.297126
5 0.287741
6 0.291966
7 0.277441
8 0.283883
9 0.285205
10 0.296472
11 0.274632
12 0.298903
13 0.287825
14 0.276779
15 0.271222
16 0.335364
17 0.349401
18 0.452716
19 0.554132
20 0.67044
21 0.656378
22 0.840112
23 0.597623
1 0.331018
2 0.307405
3 0.301309
4 0.2933
5 0.291669
6 0.286247
7 0.275578
8 0.28479
9 0.293136
10 0.284062
11 0.29458
12 0.276772
13 0.285408
14 0.281305
15 0.290075
16 0.347245
17 0.342981
18 0.453278
19 0.558351
20 0.647249
21 0.693394
22 0.883219
23 0.965211
24 1.06435
25 1.12087
26 1.29283
27 1.36365
28 1.38139
29 1.47111
30 1.52782
31 1.66746
32 1.82014
1 0.376734
2 0.332061
3 0.328464
4 0.348511
5 0.313444
6 0.301174
7 0.298628
8 0.292257
9 0.291087
10 0.285104
11 0.287189
12 0.3034
13 0.309697
14 0.319674
15 0.375592
16 0.408414
17 0.360695
18 0.478493
19 0.61884
20 0.69112
21 0.709853
22 0.931881
23 1.04482
1 0.324293
2 0.29676
3 0.314839
4 0.320913
5 0.298081
6 0.283971
7 0.306379
8 0.285953
9 0.282535
10 0.29036
11 0.288915
12 0.283967
13 0.280105
14 0.278034
15 0.333707
16 0.328438
17 0.352024
18 0.334289
19 0.328834
20 0.336872
21 0.340452
22 0.332271
23 0.329862
24 0.428633
25 0.338688
26 0.392941
27 0.334731
28 0.325652
29 0.332528
30 0.335381
31 0.340439
32 0.338393
33 0.32812
34 0.318568
35 0.345256
36 0.327414
37 0.332645
38 0.323653
39 0.322573
40 0.331525
41 0.333239
42 0.35048
43 0.352222
44 0.337323
45 0.336832
46 0.348546
47 0.359567
48 0.354748
49 0.36897
50 0.35477
51 0.388803
52 0.426922
53 0.49134
54 0.518262
55 0.524214
56 0.512683
57 0.491508
58 0.465441
59 0.474786
60 0.453774
61 0.476042
62 0.464107
63 0.497913
64 0.444188
65 0.448425
66 0.445222
67 0.444363
68 0.4615
69 0.464392
70 0.433871
71 0.438493
72 0.495157
73 0.463065
74 0.444287
75 0.452063
76 0.450298
77 0.43283
78 0.445406
79 0.401931
80 0.405745
81 0.407101
82 0.40489
83 0.410102
84 0.389967
85 0.397457
86 0.395638
87 0.401728
88 0.394451
89 0.408229
90 0.389818
91 0.400335
92 0.406314
93 0.401349
94 0.406559
95 0.401232
96 0.390301
97 0.408544
98 0.40263
99 0.407558
100 0.425284
101 0.378483
102 0.400626
103 0.419096
104 0.431308
105 0.443965
106 0.417208
107 0.417017
108 0.421063
109 0.46302
110 0.436009
111 0.441626
112 0.469164
113 0.41265
114 0.421884
115 0.461641
116 0.473929
117 0.435392
118 0.437182
119 0.451205
120 0.506212
121 0.539428
122 0.529636
123 0.4839
124 0.484807
125 0.488457
126 0.603059
127 0.519716
128 0.485281
129 0.517891
130 0.491331
131 0.500141
132 0.495387
133 0.523637
134 0.625728
135 0.544429
136 0.538828
137 0.512518
138 0.528159
139 0.54981
140 0.549343
