1 40.3217
2 42.0047
3 41.4055
4 42.3063
5 42.1947
6 42.9364
7 45.39
8 44.5954
9 44.4219
10 49.1708
11 43.7584
12 48.8824
13 48.238
14 53.4021
15 54.3008
16 54.896
17 52.4842
18 54.0449
19 67.4737
20 49.6467
21 67.6035
22 55.4775
23 72.858
24 63.1661
25 72.9559
26 71.1342
27 78.2657
28 74.2331
29 78.4601
30 78.614
31 78.4209
32 78.9621
33 78.2396
34 80.2703
35 77.7098
36 79.1938
37 79.3852
38 79.6365
39 79.5733
40 82.7513
41 80.4585
42 81.5059
43 81.974
44 82.0009
45 81.9985
46 84.0282
47 85.666
48 84.651
49 83.181
50 84.992
51 84.4734
52 86.085
53 94.2288
54 86.5923
55 83.8247
56 85.3087
57 85.3365
58 86.1442
59 84.8582
60 87.1134
61 88.1681
62 87.8413
63 87.8466
64 88.3221
65 87.8335
66 88.3344
67 89.3555
68 89.8261
69 90.0577
70 88.7283
71 88.5608
72 86.9801
73 86.1065
74 88.4384
75 87.9164
76 87.8934
77 87.7467
78 89.2596
79 87.7439
80 87.8726
81 87.6393
82 87.1426
83 87.7646
84 86.2353
85 86.2949
86 87.3167
87 86.0789
88 87.5248
89 84.4033
90 85.3255
91 86.3425
92 86.5184
93 84.9555
94 85.3676
95 85.4587
96 85.2585
97 85.3155
98 85.2413
99 84.6746
100 83.7579
101 84.0479
102 83.3774
103 83.5454
104 83.1669
105 82.8244
106 83.1446
107 83.392
108 83.8094
109 83.2904
110 83.5909
111 85.1848
112 84.7833
113 84.7517
114 84.6242
115 84.8544
116 86.0005
117 85.0756
118 86.0015
119 86.2237
120 85.786
121 85.6017
122 86.8114
123 86.2704
124 86.0437
125 85.1711
126 86.2382
127 87.5554
128 93.7058
129 95.0414
130 95.5712
131 95.4796
132 93.9379
133 94.2383
134 94.6147
135 94.0422
136 95.9911
137 94.33
138 95.4902
139 97.6769
140 94.1694
141 96.9498
142 94.2173
143 95.4243
144 89.9045
145 85.2668
146 84.5855
147 83.8686
148 84.0017
149 83.0695
150 84.2048
151 81.3293
152 83.3039
153 84.0625
154 84.9618
155 82.9825
156 82.5726
157 82.0516
158 83.7667
159 83.7494
160 83.9497
161 83.5877
162 83.9937
163 84.0516
164 83.4421
165 82.7983
166 84.3071
167 82.2583
168 82.4833
169 82.5879
170 83.533
171 83.8381
172 84.9155
173 87.659
174 84.8963
175 85.4161
176 84.9634
177 85.0623
178 90.9165
179 84.1779
180 85.637
181 87.6213
182 87.8876
183 87.4607
184 88.4765
185 104.383
186 100.375
187 89.3164
188 88.1018
189 88.0852
190 84.6284
191 83.679
192 85.6312
193 84.4246
194 83.737
195 84.057
