1 1.837 sec 0
2 1.905 sec 0
3 1.900 sec 0
4 1.884 sec 0
5 1.833 sec 0
6 1.852 sec 0
7 1.931 sec 0
8 1.907 sec 0
9 1.902 sec 0
10 1.882 sec 0
11 1.860 sec 0
12 1.858 sec 0
13 1.938 sec 0
14 2.129 sec 0
15 1.982 sec 0
16 2.727 sec 0
17 2.224 sec 0
18 2.482 sec 0
19 2.737 sec 0
20 1.975 sec 0
21 2.442 sec 0
22 2.178 sec 0
23 2.349 sec 0
24 2.087 sec 0
25 1.962 sec 0
26 3.016 sec 0
27 2.375 sec 0
28 2.508 sec 0
29 2.054 sec 0
30 1.874 sec 0
31 1.927 sec 0
32 2.145 sec 0
33 2.207 sec 0
34 2.112 sec 0
35 1.891 sec 0
36 2.030 sec 0
37 1.865 sec 0
38 1.885 sec 0
39 1.901 sec 0
40 2.039 sec 0
41 1.911 sec 0
42 1.885 sec 0
43 1.935 sec 0
44 1.871 sec 0
45 1.898 sec 0
46 1.901 sec 0
47 1.867 sec 0
48 2.067 sec 0
49 1.862 sec 0
50 2.125 sec 0
51 1.819 sec 0
52 1.974 sec 0
53 1.898 sec 0
54 2.984 sec 0
55 1.860 sec 0
56 1.890 sec 0
57 1.847 sec 0
58 2.218 sec 0
59 2.130 sec 0
60 2.052 sec 0
61 2.089 sec 0
62 1.946 sec 0
63 1.923 sec 0
64 1.913 sec 0
65 1.891 sec 0
66 1.942 sec 0
67 1.885 sec 0
68 2.015 sec 0
69 1.872 sec 0
70 2.390 sec 0
71 2.037 sec 0
72 1.912 sec 0
73 1.876 sec 0
74 2.006 sec 0
75 2.077 sec 0
76 1.860 sec 0
77 1.902 sec 0
78 1.998 sec 0
79 1.895 sec 0
80 1.935 sec 0
81 1.874 sec 0
82 1.946 sec 0
83 1.874 sec 0
84 1.894 sec 0
85 1.877 sec 0
86 2.975 sec 0
87 1.875 sec 0
88 2.090 sec 0
89 1.900 sec 0
90 1.849 sec 0
91 2.086 sec 0
92 1.984 sec 0
93 1.898 sec 0
94 1.904 sec 0
95 1.973 sec 0
96 1.851 sec 0
97 1.989 sec 0
98 1.916 sec 0
99 1.932 sec 0
100 1.994 sec 0
101 1.807 sec 0
102 2.110 sec 0
103 1.913 sec 0
104 1.983 sec 0
105 1.889 sec 0
106 1.923 sec 0
107 1.881 sec 0
108 1.908 sec 0
109 1.951 sec 0
110 1.815 sec 0
111 1.886 sec 0
112 1.900 sec 0
113 1.898 sec 0
114 1.940 sec 0
115 1.904 sec 0
116 2.002 sec 0
117 1.876 sec 0
118 1.874 sec 0
119 1.869 sec 0
120 1.881 sec 0
121 1.863 sec 0
122 1.868 sec 0
123 1.974 sec 0
124 1.907 sec 0
125 1.875 sec 0
126 1.897 sec 0
127 1.903 sec 0
128 2.230 sec 0
129 2.936 sec 0
130 2.961 sec 0
131 3.059 sec 0
132 2.917 sec 0
133 2.898 sec 0
134 2.951 sec 0
135 2.913 sec 0
136 2.993 sec 0
137 2.917 sec 0
138 2.986 sec 0
139 2.942 sec 0
140 2.972 sec 0
141 2.955 sec 0
142 3.010 sec 0
143 2.905 sec 0
144 2.948 sec 0
145 2.271 sec 0
146 1.999 sec 0
147 1.852 sec 0
148 1.912 sec 0
149 1.849 sec 0
150 1.890 sec 0
151 2.225 sec 0
152 1.877 sec 0
153 1.889 sec 0
154 2.184 sec 0
155 1.933 sec 0
156 1.909 sec 0
157 1.860 sec 0
158 1.902 sec 0
159 1.884 sec 0
160 1.884 sec 0
161 1.866 sec 0
162 1.901 sec 0
163 1.983 sec 0
164 1.904 sec 0
165 1.977 sec 0
166 1.879 sec 0
167 1.872 sec 0
168 1.907 sec 0
169 1.882 sec 0
170 1.912 sec 0
171 2.179 sec 0
172 1.865 sec 0
173 1.952 sec 0
174 2.021 sec 0
175 1.861 sec 0
176 2.090 sec 0
177 1.988 sec 0
178 2.014 sec 0
179 2.651 sec 0
180 2.082 sec 0
181 2.205 sec 0
182 1.922 sec 0
183 2.004 sec 0
184 2.049 sec 0
185 1.886 sec 0
186 2.938 sec 0
187 2.830 sec 0
188 2.402 sec 0
189 2.247 sec 0
190 2.371 sec 0
191 1.875 sec 0
192 1.908 sec 0
193 2.677 sec 0
194 2.242 sec 0
195 1.874 sec 0
196 2.008 sec 0
