1 1.112 sec 0
2 1.073 sec 0
3 1.042 sec 0
4 979.04 msec 0
5 977.32 msec 0
6 925.88 msec 0
7 1.064 sec 0
8 1.088 sec 0
9 959.17 msec 0
10 939.53 msec 0
11 941.46 msec 0
12 969.73 msec 0
13 996.45 msec 0
14 939.47 msec 0
15 942.20 msec 0
16 941.01 msec 0
17 974.39 msec 0
18 934.50 msec 0
19 968.45 msec 0
20 954.34 msec 0
21 920.31 msec 0
22 988.66 msec 0
23 966.00 msec 0
24 948.03 msec 0
25 982.34 msec 0
26 931.92 msec 0
27 945.08 msec 0
28 1.003 sec 0
29 960.24 msec 0
30 952.00 msec 0
31 969.14 msec 0
32 970.47 msec 0
33 930.23 msec 0
34 978.24 msec 0
35 963.43 msec 0
36 1.011 sec 0
37 1.372 sec 0
1 1.120 sec 0
2 948.12 msec 0
3 945.36 msec 0
4 1.144 sec 0
5 1.021 sec 0
6 1.100 sec 0
7 1.127 sec 0
8 1.117 sec 0
9 1.187 sec 0
10 1.189 sec 0
11 1.215 sec 0
12 1.501 sec 0
13 1.412 sec 0
14 1.413 sec 0
15 1.425 sec 0
16 1.452 sec 0
17 1.476 sec 0
18 1.417 sec 0
19 1.427 sec 0
20 1.479 sec 0
21 1.414 sec 0
22 1.436 sec 0
23 1.450 sec 0
24 1.508 sec 0
25 1.429 sec 0
26 1.455 sec 0
27 1.545 sec 0
28 1.530 sec 0
29 1.559 sec 0
30 1.505 sec 0
31 1.626 sec 0
32 1.540 sec 0
33 1.638 sec 0
34 1.680 sec 0
35 1.537 sec 0
36 1.679 sec 0
37 1.741 sec 0
38 1.645 sec 0
39 1.645 sec 0
40 1.568 sec 0
41 1.522 sec 0
42 1.547 sec 0
43 1.551 sec 0
44 1.553 sec 0
45 1.546 sec 0
46 1.606 sec 0
47 1.418 sec 0
48 1.217 sec 0
49 1.424 sec 0
50 1.032 sec 0
51 930.79 msec 0
52 1.359 sec 0
53 1.192 sec 0
54 1.226 sec 0
55 1.168 sec 0
56 1.203 sec 0
57 1.277 sec 0
58 1.155 sec 0
59 1.155 sec 0
60 1.536 sec 0
61 1.352 sec 0
62 1.031 sec 0
63 1.072 sec 0
64 1.425 sec 0
65 1.031 sec 0
66 1.384 sec 0
67 1.397 sec 0
68 1.163 sec 0
69 1.156 sec 0
70 1.273 sec 0
71 1.402 sec 0
72 1.090 sec 0
73 1.098 sec 0
74 1.351 sec 0
75 1.216 sec 0
76 1.365 sec 0
77 1.420 sec 0
78 1.274 sec 0
79 1.132 sec 0
80 1.203 sec 0
81 1.182 sec 0
82 1.138 sec 0
83 935.57 msec 0
84 1.103 sec 0
85 1.070 sec 0
86 1.211 sec 0
87 1.055 sec 0
88 931.20 msec 0
89 1.015 sec 0
90 1.398 sec 0
91 1.247 sec 0
92 1.304 sec 0
93 1.011 sec 0
94 1.076 sec 0
95 1.205 sec 0
96 1.172 sec 0
97 1.011 sec 0
98 1.380 sec 0
99 945.74 msec 0
100 1.235 sec 0
101 1.086 sec 0
102 949.95 msec 0
103 945.45 msec 0
104 939.60 msec 0
105 971.90 msec 0
106 1.146 sec 0
107 1.296 sec 0
108 1.145 sec 0
109 1.242 sec 0
110 1.269 sec 0
111 1.371 sec 0
112 950.41 msec 0
113 1.129 sec 0
114 1.429 sec 0
115 1.366 sec 0
116 1.484 sec 0
117 1.419 sec 0
118 1.140 sec 0
119 1.419 sec 0
120 1.211 sec 0
121 1.125 sec 0
122 1.166 sec 0
123 945.18 msec 0
124 934.17 msec 0
125 961.77 msec 0
126 1.336 sec 0
127 1.283 sec 0
128 1.186 sec 0
129 1.187 sec 0
130 1.430 sec 0
131 1.096 sec 0
132 1.411 sec 0
133 1.214 sec 0
134 1.114 sec 0
135 1.357 sec 0
136 944.52 msec 0
137 1.429 sec 0
138 1.112 sec 0
139 1.344 sec 0
140 1.116 sec 0
141 1.256 sec 0
142 1.050 sec 0
143 1.137 sec 0
144 1.232 sec 0
145 1.001 sec 0
146 1.327 sec 0
147 1.084 sec 0
148 1.177 sec 0
149 945.50 msec 0
150 1.230 sec 0
151 919.31 msec 0
152 1.007 sec 0
153 1.083 sec 0
154 1.357 sec 0
155 1.095 sec 0
156 1.202 sec 0
157 974.97 msec 0
158 1.264 sec 0
159 1.116 sec 0
160 1.366 sec 0
161 1.265 sec 0
162 1.070 sec 0
163 929.91 msec 0
164 960.59 msec 0
165 1.217 sec 0
166 1.326 sec 0
167 1.381 sec 0
168 1.134 sec 0
169 941.26 msec 0
170 960.59 msec 0
171 928.18 msec 0
172 1.319 sec 0
173 1.073 sec 0
174 954.52 msec 0
175 949.31 msec 0
176 942.47 msec 0
177 954.75 msec 0
178 950.32 msec 0
179 1.089 sec 0
180 1.012 sec 0
181 1.211 sec 0
182 1.438 sec 0
183 1.017 sec 0
184 984.90 msec 0
185 967.29 msec 0
186 1.347 sec 0
187 1.190 sec 0
188 977.08 msec 0
189 963.52 msec 0
190 990.26 msec 0
191 946.23 msec 0
192 1.158 sec 0
193 995.71 msec 0
194 1.300 sec 0
195 1.405 sec 0
196 1.212 sec 0
197 1.371 sec 0
198 1.179 sec 0
199 947.14 msec 0
200 1.464 sec 0
201 935.18 msec 0
202 1.200 sec 0
203 1.145 sec 0
204 1.405 sec 0
205 1.475 sec 0
206 1.033 sec 0
207 1.161 sec 0
208 1.292 sec 0
209 1.003 sec 0
210 1.165 sec 0
211 1.507 sec 0
212 1.288 sec 0
213 1.362 sec 0
214 1.127 sec 0
215 1.446 sec 0
216 1.033 sec 0
217 1.410 sec 0
218 987.54 msec 0
219 1.265 sec 0
220 1.232 sec 0
221 1.169 sec 0
222 1.268 sec 0
223 967.86 msec 0
224 987.91 msec 0
225 979.30 msec 0
226 983.87 msec 0
227 971.52 msec 0
228 1.039 sec 0
229 996.34 msec 0
230 967.31 msec 0
231 978.20 msec 0
232 1.001 sec 0
233 979.85 msec 0
234 992.09 msec 0
235 967.74 msec 0
236 979.98 msec 0
237 989.78 msec 0
238 967.01 msec 0
239 962.40 msec 0
240 992.18 msec 0
241 936.84 msec 0
242 1.114 sec 0
243 1.470 sec 0
244 1.369 sec 0
245 1.366 sec 0
246 1.069 sec 0
247 1.343 sec 0
248 1.153 sec 0
249 1.201 sec 0
250 1.432 sec 0
251 932.36 msec 0
252 1.022 sec 0
253 1.108 sec 0
254 1.080 sec 0
255 1.170 sec 0
256 1.387 sec 0
257 1.483 sec 0
258 1.180 sec 0
259 1.469 sec 0
260 1.089 sec 0
261 981.33 msec 0
262 1.019 sec 0
263 1.138 sec 0
264 1.049 sec 0
265 1.149 sec 0
266 1.091 sec 0
267 1.002 sec 0
268 997.04 msec 0
269 980.60 msec 0
270 990.24 msec 0
271 1.207 sec 0
272 985.05 msec 0
273 969.74 msec 0
274 972.26 msec 0
275 1.045 sec 0
276 1.072 sec 0
277 1.448 sec 0
278 1.367 sec 0
279 1.116 sec 0
280 1.179 sec 0
281 1.523 sec 0
282 1.143 sec 0
283 1.424 sec 0
284 1.021 sec 0
285 1.000 sec 0
286 1.480 sec 0
287 1.297 sec 0
288 1.482 sec 0
289 1.251 sec 0
290 1.374 sec 0
291 1.238 sec 0
292 1.156 sec 0
293 1.130 sec 0
294 1.387 sec 0
295 1.413 sec 0
296 1.084 sec 0
297 1.093 sec 0
298 1.495 sec 0
299 1.012 sec 0
300 1.228 sec 0
301 924.69 msec 0
302 939.47 msec 0
303 933.63 msec 0
304 1.024 sec 0
305 1.123 sec 0
306 938.86 msec 0
307 1.108 sec 0
308 1.168 sec 0
309 1.050 sec 0
310 1.195 sec 0
311 1.397 sec 0
312 938.73 msec 0
313 1.354 sec 0
314 1.357 sec 0
315 1.149 sec 0
316 1.124 sec 0
317 1.075 sec 0
318 1.276 sec 0
319 1.309 sec 0
320 1.227 sec 0
321 1.419 sec 0
322 1.451 sec 0
323 1.084 sec 0
324 1.369 sec 0
325 1.003 sec 0
326 946.99 msec 0
327 1.099 sec 0
328 1.215 sec 0
329 1.224 sec 0
330 1.163 sec 0
331 1.032 sec 0
332 1.337 sec 0
333 1.174 sec 0
334 941.64 msec 0
335 1.226 sec 0
336 952.52 msec 0
337 1.141 sec 0
338 996.25 msec 0
339 1.044 sec 0
340 1.291 sec 0
341 1.422 sec 0
342 1.125 sec 0
343 922.06 msec 0
344 950.13 msec 0
345 1.251 sec 0
346 1.056 sec 0
347 981.25 msec 0
348 1.093 sec 0
349 965.08 msec 0
350 941.75 msec 0
351 920.16 msec 0
352 1.040 sec 0
353 987.08 msec 0
354 1.049 sec 0
355 1.007 sec 0
356 1.283 sec 0
357 1.090 sec 0
358 1.069 sec 0
359 956.12 msec 0
360 1.128 sec 0
361 929.50 msec 0
362 1.430 sec 0
363 1.276 sec 0
364 1.029 sec 0
365 937.44 msec 0
366 956.06 msec 0
367 940.92 msec 0
368 955.43 msec 0
369 1.365 sec 0
370 975.35 msec 0
371 932.89 msec 0
372 1.142 sec 0
373 1.207 sec 0
374 1.020 sec 0
375 1.264 sec 0
376 1.194 sec 0
377 939.23 msec 0
378 1.046 sec 0
379 1.041 sec 0
380 1.142 sec 0
381 1.149 sec 0
382 1.123 sec 0
383 1.056 sec 0
384 1.038 sec 0
385 1.109 sec 0
386 1.152 sec 0
387 1.190 sec 0
388 940.92 msec 0
389 935.86 msec 0
390 1.256 sec 0
391 1.159 sec 0
392 999.36 msec 0
393 1.199 sec 0
394 1.058 sec 0
395 1.144 sec 0
396 1.290 sec 0
397 1.170 sec 0
398 1.156 sec 0
399 1.099 sec 0
400 1.348 sec 0
