1 353.80 msec 0
2 310.35 msec 0
3 320.07 msec 0
4 296.20 msec 0
5 343.04 msec 0
6 303.37 msec 0
7 333.17 msec 0
8 313.75 msec 0
9 320.46 msec 0
10 293.43 msec 0
11 307.81 msec 0
12 317.28 msec 0
13 298.96 msec 0
14 314.12 msec 0
15 318.89 msec 0
16 320.32 msec 0
17 339.67 msec 0
18 309.93 msec 0
19 300.16 msec 0
20 344.63 msec 0
21 306.44 msec 0
22 294.83 msec 0
23 315.80 msec 0
24 304.51 msec 0
25 307.25 msec 0
26 292.15 msec 0
27 317.83 msec 0
28 308.31 msec 0
29 299.89 msec 0
30 295.58 msec 0
31 318.97 msec 0
32 302.16 msec 0
33 308.19 msec 0
34 308.28 msec 0
35 289.47 msec 0
36 297.33 msec 0
37 301.47 msec 0
38 300.57 msec 0
39 302.28 msec 0
40 319.35 msec 0
41 308.71 msec 0
42 308.83 msec 0
43 302.86 msec 0
44 341.11 msec 0
45 297.97 msec 0
46 305.11 msec 0
47 300.91 msec 0
48 296.54 msec 0
49 306.73 msec 0
50 331.37 msec 0
51 305.45 msec 0
52 305.75 msec 0
53 307.43 msec 0
54 330.02 msec 0
55 303.30 msec 0
56 302.93 msec 0
57 292.49 msec 0
58 299.34 msec 0
59 293.29 msec 0
60 499.77 msec 0
61 449.71 msec 0
62 310.63 msec 0
63 293.75 msec 0
64 300.93 msec 0
65 300.13 msec 0
66 300.23 msec 0
67 310.74 msec 0
68 295.00 msec 0
69 302.26 msec 0
70 316.17 msec 0
71 292.96 msec 0
72 295.10 msec 0
73 308.12 msec 0
74 307.91 msec 0
75 284.41 msec 0
76 297.73 msec 0
77 317.11 msec 0
78 462.99 msec 0
79 461.92 msec 0
80 456.63 msec 0
81 528.22 msec 0
82 298.21 msec 0
83 442.23 msec 0
84 287.05 msec 0
85 309.49 msec 0
86 305.34 msec 0
87 299.04 msec 0
88 313.01 msec 0
89 298.87 msec 0
90 298.16 msec 0
91 294.81 msec 0
92 282.61 msec 0
93 298.82 msec 0
94 299.54 msec 0
95 292.21 msec 0
96 308.75 msec 0
97 296.84 msec 0
98 307.68 msec 0
99 317.45 msec 0
100 298.84 msec 0
101 298.21 msec 0
102 301.88 msec 0
103 294.54 msec 0
104 300.35 msec 0
105 290.11 msec 0
106 300.59 msec 0
107 301.27 msec 0
108 292.02 msec 0
109 294.21 msec 0
110 309.05 msec 0
111 295.11 msec 0
112 305.60 msec 0
113 300.68 msec 0
114 305.93 msec 0
115 289.21 msec 0
116 302.16 msec 0
117 286.61 msec 0
118 307.66 msec 0
119 291.60 msec 0
120 302.04 msec 0
121 294.94 msec 0
122 301.14 msec 0
123 294.62 msec 0
124 300.96 msec 0
125 281.63 msec 0
126 317.31 msec 0
127 433.20 msec 0
128 298.37 msec 0
129 295.98 msec 0
130 300.90 msec 0
131 288.40 msec 0
132 280.68 msec 0
133 311.32 msec 0
134 319.31 msec 0
135 296.81 msec 0
136 294.97 msec 0
137 313.56 msec 0
138 288.95 msec 0
139 300.10 msec 0
140 296.60 msec 0
141 300.21 msec 0
142 297.60 msec 0
143 301.67 msec 0
144 299.40 msec 0
145 299.93 msec 0
146 295.09 msec 0
147 290.03 msec 0
148 304.80 msec 0
149 284.94 msec 0
150 293.85 msec 0
151 294.19 msec 0
152 292.68 msec 0
153 290.82 msec 0
154 301.36 msec 0
155 299.41 msec 0
156 299.12 msec 0
157 298.83 msec 0
158 307.57 msec 0
159 303.96 msec 0
160 288.65 msec 0
161 293.85 msec 0
162 308.62 msec 0
163 288.28 msec 0
164 287.64 msec 0
165 300.96 msec 0
166 292.30 msec 0
167 290.47 msec 0
168 290.69 msec 0
169 308.14 msec 0
170 284.45 msec 0
171 294.83 msec 0
172 299.44 msec 0
173 290.62 msec 0
174 282.68 msec 0
175 311.68 msec 0
176 287.27 msec 0
177 294.82 msec 0
178 305.24 msec 0
179 303.89 msec 0
180 301.06 msec 0
181 294.29 msec 0
182 307.43 msec 0
183 296.59 msec 0
184 283.55 msec 0
185 284.83 msec 0
186 293.59 msec 0
187 297.15 msec 0
188 298.96 msec 0
189 320.34 msec 0
190 296.96 msec 0
191 289.00 msec 0
192 298.45 msec 0
193 296.13 msec 0
194 298.94 msec 0
195 293.36 msec 0
196 288.84 msec 0
197 308.50 msec 0
198 299.20 msec 0
199 298.41 msec 0
200 297.09 msec 0
201 295.30 msec 0
202 295.03 msec 0
203 313.10 msec 0
204 287.77 msec 0
205 308.70 msec 0
206 300.52 msec 0
207 289.07 msec 0
208 304.25 msec 0
209 292.39 msec 0
210 301.09 msec 0
211 298.44 msec 0
212 286.03 msec 0
213 294.45 msec 0
214 315.51 msec 0
215 289.43 msec 0
216 293.26 msec 0
217 304.57 msec 0
218 296.29 msec 0
219 300.70 msec 0
220 292.66 msec 0
221 293.07 msec 0
222 311.87 msec 0
223 297.70 msec 0
224 294.72 msec 0
225 284.01 msec 0
226 299.70 msec 0
227 275.32 msec 0
228 296.63 msec 0
229 293.81 msec 0
230 298.91 msec 0
231 293.56 msec 0
232 298.49 msec 0
233 285.69 msec 0
234 283.19 msec 0
235 294.97 msec 0
236 301.56 msec 0
237 298.99 msec 0
238 287.83 msec 0
239 294.02 msec 0
240 300.08 msec 0
241 301.00 msec 0
242 292.68 msec 0
243 287.90 msec 0
244 295.06 msec 0
245 298.25 msec 0
246 311.86 msec 0
247 298.32 msec 0
248 297.18 msec 0
249 275.11 msec 0
250 310.99 msec 0
251 294.82 msec 0
252 292.11 msec 0
253 300.92 msec 0
254 297.80 msec 0
255 285.38 msec 0
256 298.23 msec 0
257 300.79 msec 0
258 295.22 msec 0
259 297.94 msec 0
260 292.28 msec 0
261 294.60 msec 0
262 293.61 msec 0
263 289.25 msec 0
264 296.03 msec 0
265 276.03 msec 0
266 305.36 msec 0
267 286.24 msec 0
268 306.22 msec 0
269 287.50 msec 0
270 287.72 msec 0
271 302.13 msec 0
272 301.73 msec 0
273 283.94 msec 0
274 309.73 msec 0
275 296.57 msec 0
276 286.71 msec 0
277 296.53 msec 0
278 287.00 msec 0
279 297.73 msec 0
280 303.54 msec 0
281 303.43 msec 0
282 301.89 msec 0
283 295.84 msec 0
284 303.86 msec 0
285 303.32 msec 0
286 302.79 msec 0
287 284.98 msec 0
288 302.27 msec 0
289 305.57 msec 0
290 299.14 msec 0
291 298.61 msec 0
292 298.85 msec 0
293 286.84 msec 0
294 301.15 msec 0
295 302.54 msec 0
296 296.65 msec 0
297 292.90 msec 0
298 300.13 msec 0
299 282.60 msec 0
300 459.91 msec 0
301 456.95 msec 0
302 479.18 msec 0
303 483.71 msec 0
304 478.68 msec 0
305 467.39 msec 0
306 476.17 msec 0
307 459.68 msec 0
308 494.80 msec 0
309 471.27 msec 0
310 475.47 msec 0
311 465.57 msec 0
312 492.74 msec 0
313 466.10 msec 0
314 467.95 msec 0
315 472.56 msec 0
316 460.04 msec 0
317 469.63 msec 0
318 463.52 msec 0
319 458.95 msec 0
320 475.88 msec 0
321 464.68 msec 0
322 473.77 msec 0
323 466.05 msec 0
324 475.21 msec 0
325 542.95 msec 0
326 479.50 msec 0
327 476.60 msec 0
328 469.71 msec 0
329 474.15 msec 0
330 482.52 msec 0
331 462.07 msec 0
332 471.97 msec 0
333 471.26 msec 0
334 467.83 msec 0
335 467.96 msec 0
336 477.07 msec 0
337 515.99 msec 0
338 467.13 msec 0
339 484.90 msec 0
340 468.68 msec 0
341 465.10 msec 0
342 462.68 msec 0
343 480.95 msec 0
344 470.90 msec 0
345 487.68 msec 0
346 464.75 msec 0
347 477.63 msec 0
348 467.41 msec 0
349 461.16 msec 0
350 476.29 msec 0
351 478.67 msec 0
352 491.25 msec 0
353 462.79 msec 0
354 454.00 msec 0
355 475.20 msec 0
356 457.95 msec 0
357 463.58 msec 0
358 474.36 msec 0
359 482.72 msec 0
360 467.83 msec 0
361 469.64 msec 0
362 463.73 msec 0
363 456.70 msec 0
364 473.03 msec 0
365 461.73 msec 0
366 465.85 msec 0
367 501.06 msec 0
368 456.81 msec 0
369 469.31 msec 0
370 298.16 msec 0
371 284.74 msec 0
372 293.35 msec 0
373 292.00 msec 0
374 298.72 msec 0
375 303.36 msec 0
376 298.14 msec 0
377 290.97 msec 0
378 289.68 msec 0
379 294.95 msec 0
380 299.30 msec 0
381 285.61 msec 0
382 302.86 msec 0
383 285.91 msec 0
384 292.62 msec 0
385 289.76 msec 0
386 309.12 msec 0
387 302.75 msec 0
388 296.27 msec 0
389 297.09 msec 0
390 304.34 msec 0
391 287.64 msec 0
392 291.78 msec 0
393 294.62 msec 0
394 289.35 msec 0
395 292.86 msec 0
396 320.54 msec 0
397 292.14 msec 0
398 291.55 msec 0
399 283.81 msec 0
400 299.84 msec 0
