1 28.101 sec 7077888
2 29.936 sec 7077888
3 30.146 sec 7077888
4 30.177 sec 7077888
5 29.884 sec 7077888
6 30.650 sec 7077888
7 31.579 sec 7077888
8 31.968 sec 7077888
9 31.432 sec 7077888
10 36.649 sec 7077888
11 30.799 sec 7077888
12 36.187 sec 7077888
13 36.615 sec 7077888
14 40.488 sec 7077888
15 40.672 sec 7077888
16 41.521 sec 7077888
17 40.300 sec 7077888
18 39.442 sec 7077888
19 55.471 sec 7077888
20 37.139 sec 7077888
21 55.833 sec 7077888
22 42.937 sec 7077888
23 61.706 sec 7077888
24 50.918 sec 7077888
25 60.843 sec 7077888
26 57.589 sec 7077888
27 68.079 sec 7077888
28 62.845 sec 7077888
29 66.754 sec 7077888
30 66.818 sec 7077888
31 66.221 sec 7077888
32 67.279 sec 7077888
33 69.193 sec 7077888
34 68.726 sec 7077888
35 66.201 sec 7077888
36 67.585 sec 7077888
37 68.922 sec 7077888
38 68.258 sec 7077888
39 68.278 sec 7077888
40 71.377 sec 7077888
41 71.111 sec 7077888
42 73.044 sec 7077888
43 74.992 sec 7077888
44 71.830 sec 7077888
45 73.945 sec 7077888
46 74.350 sec 7077888
47 74.774 sec 7077888
48 73.961 sec 7077888
49 73.376 sec 7077888
50 76.045 sec 7077888
51 75.060 sec 7077888
52 77.590 sec 7077888
53 74.726 sec 7077888
54 74.926 sec 7077888
55 74.178 sec 7077888
56 75.151 sec 7077888
57 78.096 sec 7077888
58 76.310 sec 7077888
59 74.913 sec 7077888
60 76.867 sec 7077888
61 78.897 sec 7077888
62 77.815 sec 7077888
63 78.675 sec 7077888
64 79.253 sec 7077888
65 79.009 sec 7077888
66 78.708 sec 7077888
67 81.328 sec 7077888
68 81.302 sec 7077888
69 81.626 sec 7077888
70 79.640 sec 7077888
71 79.042 sec 7077888
72 78.736 sec 7077888
73 77.030 sec 7077888
74 78.648 sec 7077888
75 80.398 sec 7077888
76 79.060 sec 7077888
77 80.826 sec 7077888
78 81.732 sec 7077888
79 81.896 sec 7077888
80 80.458 sec 7077888
81 79.447 sec 7077888
82 78.588 sec 7077888
83 79.288 sec 7077888
84 77.293 sec 7077888
85 78.895 sec 7077888
86 76.844 sec 7077888
87 75.975 sec 7077888
88 76.164 sec 7077888
89 76.963 sec 7077888
90 75.883 sec 7077888
91 76.273 sec 7077888
92 76.265 sec 7077888
93 75.377 sec 7077888
94 75.367 sec 7077888
95 75.222 sec 7077888
96 77.805 sec 7077888
97 75.330 sec 7077888
98 74.724 sec 7077888
99 75.292 sec 7077888
100 73.199 sec 7077888
101 75.765 sec 7077888
102 73.200 sec 7077888
103 74.225 sec 7077888
104 73.197 sec 7077888
105 73.388 sec 7077888
106 73.016 sec 7077888
107 74.903 sec 7077888
108 74.226 sec 7077888
109 73.781 sec 7077888
110 73.557 sec 7077888
111 74.404 sec 7077888
112 74.257 sec 7077888
113 76.204 sec 7077888
114 74.474 sec 7077888
115 75.461 sec 7077888
116 76.377 sec 7077888
117 75.930 sec 7077888
118 77.060 sec 7077888
119 76.628 sec 7077888
120 76.419 sec 7077888
121 76.059 sec 7077888
122 78.016 sec 7077888
123 76.755 sec 7077888
124 76.118 sec 7077888
125 76.939 sec 7077888
126 77.193 sec 7077888
127 76.296 sec 7077888
128 76.317 sec 7077888
129 76.291 sec 7077888
130 77.365 sec 7077888
131 76.455 sec 7077888
132 75.029 sec 7077888
133 75.591 sec 7077888
134 75.094 sec 7077888
135 75.889 sec 7077888
136 77.778 sec 7077888
137 77.444 sec 7077888
138 77.185 sec 7077888
139 79.928 sec 7077888
140 76.438 sec 7077888
141 78.440 sec 7077888
142 74.744 sec 7077888
143 78.872 sec 7077888
144 74.569 sec 7077888
145 75.999 sec 7077888
146 75.162 sec 7077888
147 75.119 sec 7077888
148 74.550 sec 7077888
149 75.110 sec 7077888
150 74.924 sec 7077888
151 72.368 sec 7077888
152 74.500 sec 7077888
153 75.753 sec 7077888
154 74.640 sec 7077888
155 75.597 sec 7077888
156 73.606 sec 7077888
157 74.249 sec 7077888
158 75.134 sec 7077888
159 75.723 sec 7077888
160 75.519 sec 7077888
161 75.770 sec 7077888
162 74.912 sec 7077888
163 75.440 sec 7077888
164 75.212 sec 7077888
165 75.806 sec 7077888
166 73.793 sec 7077888
167 74.347 sec 7077888
168 74.221 sec 7077888
1 26.432 sec 7077888
2 29.355 sec 7077888
3 28.797 sec 7077888
4 29.095 sec 7077888
5 28.767 sec 7077888
6 29.397 sec 7077888
7 30.465 sec 7077888
8 30.908 sec 7077888
9 30.440 sec 7077888
10 35.472 sec 7077888
11 30.553 sec 7077888
12 34.717 sec 7077888
13 34.540 sec 7077888
14 38.374 sec 7077888
15 38.992 sec 7077888
16 39.339 sec 7077888
17 38.107 sec 7077888
18 37.556 sec 7077888
19 52.491 sec 7077888
20 34.733 sec 7077888
21 53.112 sec 7077888
22 40.266 sec 7077888
23 57.964 sec 7077888
24 48.215 sec 7077888
25 57.702 sec 7077888
26 54.079 sec 7077888
27 60.189 sec 7077888
28 57.964 sec 7077888
29 62.656 sec 7077888
30 62.607 sec 7077888
31 62.588 sec 7077888
32 64.245 sec 7077888
33 63.808 sec 7077888
34 64.514 sec 7077888
35 62.463 sec 7077888
36 64.081 sec 7077888
37 64.940 sec 7077888
38 64.395 sec 7077888
39 64.518 sec 7077888
40 67.373 sec 7077888
41 66.268 sec 7077888
42 67.241 sec 7077888
43 67.323 sec 7077888
44 67.235 sec 7077888
45 67.645 sec 7077888
46 68.806 sec 7077888
47 68.674 sec 7077888
48 70.192 sec 7077888
49 69.103 sec 7077888
50 69.323 sec 7077888
51 70.123 sec 7077888
52 70.266 sec 7077888
53 70.027 sec 7077888
54 71.180 sec 7077888
55 71.320 sec 7077888
56 71.479 sec 7077888
57 72.071 sec 7077888
58 72.506 sec 7077888
59 71.131 sec 7077888
60 74.813 sec 7077888
61 74.903 sec 7077888
62 74.489 sec 7077888
63 75.363 sec 7077888
64 75.297 sec 7077888
65 75.540 sec 7077888
66 75.389 sec 7077888
67 78.011 sec 7077888
68 76.516 sec 7077888
69 76.524 sec 7077888
70 76.230 sec 7077888
71 73.652 sec 7077888
72 74.091 sec 7077888
73 73.802 sec 7077888
74 75.225 sec 7077888
75 74.017 sec 7077888
76 74.561 sec 7077888
77 74.450 sec 7077888
78 75.902 sec 7077888
79 74.641 sec 7077888
80 74.154 sec 7077888
81 74.195 sec 7077888
82 73.921 sec 7077888
83 74.648 sec 7077888
84 72.351 sec 7077888
85 73.247 sec 7077888
86 73.328 sec 7077888
87 72.508 sec 7077888
88 73.058 sec 7077888
89 73.125 sec 7077888
90 72.154 sec 7077888
91 72.823 sec 7077888
92 72.374 sec 7077888
93 72.176 sec 7077888
94 71.656 sec 7077888
95 71.601 sec 7077888
96 72.220 sec 7077888
97 71.597 sec 7077888
98 70.736 sec 7077888
99 70.538 sec 7077888
100 69.772 sec 7077888
101 70.561 sec 7077888
102 69.273 sec 7077888
103 70.089 sec 7077888
104 70.711 sec 7077888
105 70.045 sec 7077888
106 70.761 sec 7077888
107 71.045 sec 7077888
108 70.086 sec 7077888
109 71.324 sec 7077888
110 70.571 sec 7077888
111 71.776 sec 7077888
112 71.499 sec 7077888
113 71.519 sec 7077888
114 70.725 sec 7077888
115 72.669 sec 7077888
116 72.223 sec 7077888
117 72.393 sec 7077888
118 72.597 sec 7077888
119 73.605 sec 7077888
120 72.383 sec 7077888
121 73.328 sec 7077888
122 73.042 sec 7077888
123 73.881 sec 7077888
124 72.349 sec 7077888
125 73.299 sec 7077888
126 73.403 sec 7077888
127 72.678 sec 7077888
128 72.908 sec 7077888
129 73.760 sec 7077888
130 73.095 sec 7077888
131 72.802 sec 7077888
132 72.197 sec 7077888
133 71.380 sec 7077888
134 72.052 sec 7077888
135 71.768 sec 7077888
136 74.550 sec 7077888
137 73.140 sec 7077888
138 73.172 sec 7077888
139 75.735 sec 7077888
140 71.738 sec 7077888
141 74.589 sec 7077888
142 71.710 sec 7077888
143 73.303 sec 7077888
144 70.712 sec 7077888
145 71.630 sec 7077888
146 70.806 sec 7077888
147 70.767 sec 7077888
148 72.261 sec 7077888
149 71.142 sec 7077888
150 72.224 sec 7077888
151 68.915 sec 7077888
152 70.825 sec 7077888
153 71.368 sec 7077888
154 71.201 sec 7077888
155 70.006 sec 7077888
156 70.022 sec 7077888
157 70.175 sec 7077888
158 70.698 sec 7077888
159 72.125 sec 7077888
160 71.380 sec 7077888
161 71.511 sec 7077888
162 70.608 sec 7077888
163 70.604 sec 7077888
164 69.737 sec 7077888
165 70.047 sec 7077888
166 70.021 sec 7077888
167 70.100 sec 7077888
1 28.498 sec 7077888
2 30.455 sec 7077888
3 32.618 sec 7077888
4 31.510 sec 7077888
5 30.030 sec 7077888
6 33.847 sec 7077888
7 31.279 sec 7077888
8 32.042 sec 7077888
9 31.035 sec 7077888
10 35.690 sec 7077888
11 30.203 sec 7077888
12 35.572 sec 7077888
13 34.994 sec 7077888
14 41.928 sec 7077888
15 39.821 sec 7077888
16 42.731 sec 7077888
17 43.713 sec 7077888
18 41.343 sec 7077888
19 55.745 sec 7077888
20 40.804 sec 7077888
21 63.220 sec 7077888
22 44.494 sec 7077888
23 63.078 sec 7077888
24 56.616 sec 7077888
25 66.024 sec 7077888
26 58.525 sec 7077888
27 65.944 sec 7077888
28 63.110 sec 7077888
29 66.837 sec 7077888
30 66.690 sec 7077888
31 67.210 sec 7077888
32 70.822 sec 7077888
33 77.791 sec 7077888
34 73.562 sec 7077888
35 69.493 sec 7077888
36 72.702 sec 7077888
37 71.913 sec 7077888
38 71.409 sec 7077888
39 71.293 sec 7077888
40 74.376 sec 7077888
41 82.707 sec 7077888
42 79.016 sec 7077888
43 75.867 sec 7077888
44 77.864 sec 7077888
45 79.871 sec 7077888
46 72.818 sec 7077888
47 81.513 sec 7077888
48 72.478 sec 7077888
49 71.574 sec 7077888
50 72.105 sec 7077888
51 69.779 sec 7077888
52 70.662 sec 7077888
53 69.610 sec 7077888
54 70.747 sec 7077888
55 69.992 sec 7077888
56 71.478 sec 7077888
57 71.397 sec 7077888
58 71.710 sec 7077888
59 70.754 sec 7077888
60 72.742 sec 7077888
61 73.516 sec 7077888
62 73.748 sec 7077888
63 74.631 sec 7077888
64 74.336 sec 7077888
65 74.062 sec 7077888
66 74.330 sec 7077888
67 76.129 sec 7077888
68 76.055 sec 7077888
69 75.651 sec 7077888
70 74.250 sec 7077888
71 72.716 sec 7077888
72 73.434 sec 7077888
73 73.006 sec 7077888
74 75.062 sec 7077888
75 74.419 sec 7077888
76 74.448 sec 7077888
77 74.943 sec 7077888
78 75.941 sec 7077888
79 74.651 sec 7077888
80 73.733 sec 7077888
81 73.929 sec 7077888
82 76.729 sec 7077888
83 75.266 sec 7077888
84 73.201 sec 7077888
85 72.919 sec 7077888
86 72.630 sec 7077888
87 72.213 sec 7077888
88 71.591 sec 7077888
89 72.607 sec 7077888
90 72.234 sec 7077888
91 72.503 sec 7077888
92 72.476 sec 7077888
93 72.266 sec 7077888
94 72.678 sec 7077888
95 72.275 sec 7077888
96 72.695 sec 7077888
97 71.956 sec 7077888
98 71.973 sec 7077888
99 72.477 sec 7077888
100 69.889 sec 7077888
101 70.757 sec 7077888
102 70.212 sec 7077888
103 71.429 sec 7077888
104 71.015 sec 7077888
105 70.053 sec 7077888
106 70.286 sec 7077888
107 70.485 sec 7077888
108 71.319 sec 7077888
109 71.476 sec 7077888
110 71.702 sec 7077888
111 72.198 sec 7077888
112 71.978 sec 7077888
113 71.967 sec 7077888
114 71.912 sec 7077888
115 72.326 sec 7077888
116 72.881 sec 7077888
117 72.109 sec 7077888
118 72.802 sec 7077888
119 72.855 sec 7077888
120 72.727 sec 7077888
121 72.886 sec 7077888
122 73.161 sec 7077888
123 73.568 sec 7077888
124 73.321 sec 7077888
125 72.828 sec 7077888
126 72.732 sec 7077888
127 73.325 sec 7077888
128 73.556 sec 7077888
129 73.963 sec 7077888
130 73.722 sec 7077888
131 73.689 sec 7077888
132 72.903 sec 7077888
133 72.151 sec 7077888
134 71.466 sec 7077888
135 72.265 sec 7077888
136 73.532 sec 7077888
137 73.922 sec 7077888
138 74.832 sec 7077888
139 84.250 sec 7077888
140 73.838 sec 7077888
141 75.819 sec 7077888
142 74.103 sec 7077888
143 74.721 sec 7077888
144 75.018 sec 7077888
145 77.598 sec 7077888
146 73.734 sec 7077888
147 72.683 sec 7077888
148 71.798 sec 7077888
149 71.626 sec 7077888
150 74.128 sec 7077888
151 71.299 sec 7077888
152 72.228 sec 7077888
153 73.401 sec 7077888
154 73.156 sec 7077888
155 73.296 sec 7077888
156 71.694 sec 7077888
157 73.923 sec 7077888
158 78.419 sec 7077888
159 71.869 sec 7077888
160 72.397 sec 7077888
161 71.192 sec 7077888
162 75.010 sec 7077888
163 71.891 sec 7077888
164 70.471 sec 7077888
165 70.050 sec 7077888
166 71.401 sec 7077888
167 70.430 sec 7077888
168 74.864 sec 7077888
169 76.080 sec 7077888
170 72.422 sec 7077888
171 73.631 sec 7077888
172 77.325 sec 7077888
173 83.690 sec 7077888
174 78.497 sec 7077888
175 77.082 sec 7077888
176 77.046 sec 7077888
177 77.043 sec 7077888
178 76.542 sec 7077888
179 76.346 sec 7077888
180 77.839 sec 7077888
181 82.523 sec 7077888
182 89.471 sec 7077888
183 84.711 sec 7077888
184 84.160 sec 7077888
185 80.687 sec 7077888
186 80.704 sec 7077888
187 78.644 sec 7077888
188 78.152 sec 7077888
189 75.100 sec 7077888
190 77.589 sec 7077888
191 71.293 sec 7077888
192 71.367 sec 7077888
193 70.464 sec 7077888
194 70.530 sec 7077888
195 70.531 sec 7077888
196 70.625 sec 7077888
197 71.034 sec 7077888
198 71.341 sec 7077888
199 70.927 sec 7077888
200 70.461 sec 7077888
201 70.323 sec 7077888
202 70.638 sec 7077888
203 70.304 sec 7077888
204 70.726 sec 7077888
205 71.491 sec 7077888
206 71.484 sec 7077888
207 72.724 sec 7077888
208 72.942 sec 7077888
209 71.767 sec 7077888
210 71.954 sec 7077888
211 71.691 sec 7077888
212 72.441 sec 7077888
213 71.859 sec 7077888
214 72.250 sec 7077888
215 72.557 sec 7077888
216 73.610 sec 7077888
217 73.820 sec 7077888
218 74.859 sec 7077888
219 73.093 sec 7077888
220 74.246 sec 7077888
221 86.818 sec 7077888
222 80.381 sec 7077888
223 85.005 sec 7077888
224 80.539 sec 7077888
225 79.908 sec 7077888
226 79.241 sec 7077888
227 87.119 sec 7077888
228 74.157 sec 7077888
229 73.008 sec 7077888
230 73.584 sec 7077888
231 74.570 sec 7077888
232 73.758 sec 7077888
233 74.255 sec 7077888
234 82.977 sec 7077888
235 90.571 sec 7077888
236 74.248 sec 7077888
237 72.885 sec 7077888
238 73.118 sec 7077888
239 72.519 sec 7077888
240 76.769 sec 7077888
241 74.628 sec 7077888
242 72.852 sec 7077888
243 71.946 sec 7077888
244 72.687 sec 7077888
245 71.912 sec 7077888
246 72.431 sec 7077888
247 72.434 sec 7077888
248 73.813 sec 7077888
249 74.144 sec 7077888
250 73.517 sec 7077888
251 74.501 sec 7077888
252 83.750 sec 7077888
253 76.035 sec 7077888
254 76.889 sec 7077888
255 76.969 sec 7077888
256 79.061 sec 7077888
257 79.499 sec 7077888
258 84.119 sec 7077888
259 81.852 sec 7077888
260 94.948 sec 7077888
261 92.193 sec 7077888
262 84.971 sec 7077888
263 83.205 sec 7077888
264 82.803 sec 7077888
265 85.089 sec 7077888
266 84.240 sec 7077888
267 85.726 sec 7077888
268 87.363 sec 7077888
269 82.787 sec 7077888
270 84.490 sec 7077888
271 90.421 sec 7077888
272 127.874 sec 7077888
273 84.421 sec 7077888
274 83.769 sec 7077888
275 85.289 sec 7077888
276 84.586 sec 7077888
277 80.153 sec 7077888
278 78.480 sec 7077888
279 79.601 sec 7077888
280 77.253 sec 7077888
281 78.387 sec 7077888
282 79.388 sec 7077888
283 76.786 sec 7077888
284 79.034 sec 7077888
285 77.926 sec 7077888
286 90.169 sec 7077888
287 97.913 sec 7077888
288 80.044 sec 7077888
289 85.667 sec 7077888
290 80.536 sec 7077888
291 79.387 sec 7077888
292 79.862 sec 7077888
293 80.896 sec 7077888
294 81.154 sec 7077888
295 80.051 sec 7077888
296 79.315 sec 7077888
297 78.716 sec 7077888
298 78.317 sec 7077888
299 78.197 sec 7077888
300 79.162 sec 7077888
301 82.918 sec 7077888
302 77.281 sec 7077888
303 79.114 sec 7077888
304 78.248 sec 7077888
305 76.981 sec 7077888
306 77.529 sec 7077888
307 76.709 sec 7077888
308 76.878 sec 7077888
309 77.043 sec 7077888
310 77.654 sec 7077888
311 78.063 sec 7077888
312 76.825 sec 7077888
313 77.883 sec 7077888
314 76.421 sec 7077888
315 76.150 sec 7077888
316 78.195 sec 7077888
317 79.315 sec 7077888
318 79.418 sec 7077888
319 97.648 sec 7077888
320 83.914 sec 7077888
321 91.061 sec 7077888
322 96.830 sec 7077888
323 99.630 sec 7077888
324 90.713 sec 7077888
325 100.456 sec 7077888
326 79.169 sec 7077888
327 118.854 sec 7077888
328 87.181 sec 7077888
329 115.113 sec 7077888
330 112.306 sec 7077888
331 107.800 sec 7077888
332 111.742 sec 7077888
333 85.352 sec 7077888
334 82.318 sec 7077888
335 84.791 sec 7077888
336 87.414 sec 7077888
337 84.260 sec 7077888
338 82.480 sec 7077888
339 87.184 sec 7077888
340 84.173 sec 7077888
341 78.861 sec 7077888
342 83.464 sec 7077888
343 83.023 sec 7077888
344 81.288 sec 7077888
345 76.600 sec 7077888
346 78.048 sec 7077888
347 79.551 sec 7077888
348 77.496 sec 7077888
349 78.601 sec 7077888
350 80.367 sec 7077888
351 92.871 sec 7077888
352 90.866 sec 7077888
353 94.731 sec 7077888
354 78.014 sec 7077888
355 77.849 sec 7077888
356 77.503 sec 7077888
357 78.025 sec 7077888
358 77.043 sec 7077888
359 77.931 sec 7077888
360 78.202 sec 7077888
361 77.294 sec 7077888
362 81.045 sec 7077888
363 80.251 sec 7077888
364 78.671 sec 7077888
365 80.245 sec 7077888
366 79.410 sec 7077888
367 79.318 sec 7077888
368 77.072 sec 7077888
369 78.335 sec 7077888
370 75.883 sec 7077888
371 73.798 sec 7077888
372 75.283 sec 7077888
373 74.514 sec 7077888
374 74.766 sec 7077888
375 72.585 sec 7077888
376 73.538 sec 7077888
377 72.622 sec 7077888
378 77.756 sec 7077888
379 71.911 sec 7077888
380 71.631 sec 7077888
381 73.618 sec 7077888
382 73.737 sec 7077888
383 73.485 sec 7077888
384 74.829 sec 7077888
385 71.703 sec 7077888
386 73.891 sec 7077888
387 74.193 sec 7077888
388 74.198 sec 7077888
389 72.906 sec 7077888
390 72.601 sec 7077888
391 74.955 sec 7077888
392 75.021 sec 7077888
393 75.250 sec 7077888
394 76.188 sec 7077888
395 75.544 sec 7077888
396 74.354 sec 7077888
397 76.301 sec 7077888
398 74.617 sec 7077888
399 76.917 sec 7077888
1 30.993 sec 7077888
2 35.322 sec 7077888
3 31.196 sec 7077888
4 39.491 sec 7077888
5 30.503 sec 7077888
6 30.859 sec 7077888
7 31.439 sec 7077888
8 31.827 sec 7077888
9 31.069 sec 7077888
10 36.348 sec 7077888
11 30.619 sec 7077888
12 35.547 sec 7077888
13 43.873 sec 7077888
14 39.304 sec 7077888
15 39.437 sec 7077888
16 43.251 sec 7077888
17 39.268 sec 7077888
18 38.397 sec 7077888
19 54.073 sec 7077888
20 35.949 sec 7077888
21 54.539 sec 7077888
22 41.379 sec 7077888
23 59.529 sec 7077888
24 51.381 sec 7077888
25 80.376 sec 7077888
26 59.602 sec 7077888
27 62.215 sec 7077888
28 61.737 sec 7077888
29 70.749 sec 7077888
30 63.618 sec 7077888
31 65.215 sec 7077888
32 64.271 sec 7077888
33 64.400 sec 7077888
34 65.339 sec 7077888
35 65.249 sec 7077888
36 64.614 sec 7077888
37 66.082 sec 7077888
38 65.174 sec 7077888
39 65.162 sec 7077888
40 68.858 sec 7077888
41 67.072 sec 7077888
42 68.006 sec 7077888
43 67.864 sec 7077888
44 68.993 sec 7077888
45 81.392 sec 7077888
46 74.924 sec 7077888
47 69.727 sec 7077888
48 70.695 sec 7077888
49 73.501 sec 7077888
50 70.996 sec 7077888
51 72.157 sec 7077888
52 71.681 sec 7077888
53 69.665 sec 7077888
54 74.931 sec 7077888
55 70.301 sec 7077888
56 71.171 sec 7077888
57 71.676 sec 7077888
58 71.429 sec 7077888
59 70.836 sec 7077888
60 73.297 sec 7077888
61 75.170 sec 7077888
62 74.670 sec 7077888
63 74.493 sec 7077888
64 74.731 sec 7077888
65 74.766 sec 7077888
66 77.456 sec 7077888
67 76.343 sec 7077888
68 76.978 sec 7077888
69 75.877 sec 7077888
70 74.490 sec 7077888
71 74.948 sec 7077888
72 73.643 sec 7077888
73 72.721 sec 7077888
74 74.414 sec 7077888
75 74.641 sec 7077888
76 74.326 sec 7077888
77 75.587 sec 7077888
78 79.514 sec 7077888
79 75.797 sec 7077888
80 74.233 sec 7077888
81 74.277 sec 7077888
82 73.878 sec 7077888
83 75.558 sec 7077888
84 73.332 sec 7077888
85 76.261 sec 7077888
86 73.434 sec 7077888
87 72.211 sec 7077888
88 71.835 sec 7077888
89 72.103 sec 7077888
90 73.066 sec 7077888
91 73.131 sec 7077888
92 72.684 sec 7077888
93 72.398 sec 7077888
94 72.503 sec 7077888
95 72.118 sec 7077888
96 72.552 sec 7077888
97 71.782 sec 7077888
98 71.444 sec 7077888
99 72.372 sec 7077888
100 70.264 sec 7077888
101 70.715 sec 7077888
102 81.708 sec 7077888
103 71.511 sec 7077888
104 70.366 sec 7077888
105 70.696 sec 7077888
106 71.144 sec 7077888
107 71.373 sec 7077888
108 71.428 sec 7077888
109 71.396 sec 7077888
110 71.157 sec 7077888
111 71.743 sec 7077888
112 72.007 sec 7077888
113 72.499 sec 7077888
114 71.962 sec 7077888
115 72.416 sec 7077888
116 72.971 sec 7077888
117 72.372 sec 7077888
118 72.414 sec 7077888
119 74.397 sec 7077888
120 73.957 sec 7077888
121 72.751 sec 7077888
122 73.887 sec 7077888
123 73.834 sec 7077888
124 73.303 sec 7077888
125 72.876 sec 7077888
126 73.509 sec 7077888
127 73.185 sec 7077888
128 74.322 sec 7077888
129 73.335 sec 7077888
130 73.813 sec 7077888
131 73.486 sec 7077888
132 71.904 sec 7077888
133 72.481 sec 7077888
134 72.407 sec 7077888
135 71.481 sec 7077888
136 73.635 sec 7077888
137 73.539 sec 7077888
138 73.405 sec 7077888
139 75.845 sec 7077888
140 71.666 sec 7077888
141 74.690 sec 7077888
142 71.299 sec 7077888
143 74.243 sec 7077888
144 71.305 sec 7077888
145 72.215 sec 7077888
146 72.365 sec 7077888
147 71.076 sec 7077888
148 70.416 sec 7077888
149 70.586 sec 7077888
150 72.684 sec 7077888
151 68.046 sec 7077888
152 75.199 sec 7077888
153 75.357 sec 7077888
154 71.807 sec 7077888
155 71.316 sec 7077888
156 71.054 sec 7077888
157 69.825 sec 7077888
158 70.624 sec 7077888
159 71.039 sec 7077888
160 71.509 sec 7077888
161 71.435 sec 7077888
162 70.549 sec 7077888
163 70.568 sec 7077888
164 71.061 sec 7077888
165 71.199 sec 7077888
166 70.501 sec 7077888
167 69.589 sec 7077888
168 70.304 sec 7077888
169 70.105 sec 7077888
170 70.750 sec 7077888
171 71.882 sec 7077888
172 71.646 sec 7077888
173 71.672 sec 7077888
174 72.258 sec 7077888
175 71.677 sec 7077888
176 71.660 sec 7077888
177 71.501 sec 7077888
178 70.989 sec 7077888
179 70.535 sec 7077888
180 70.818 sec 7077888
181 74.484 sec 7077888
182 74.741 sec 7077888
183 74.716 sec 7077888
184 75.200 sec 7077888
185 74.515 sec 7077888
186 73.369 sec 7077888
187 72.175 sec 7077888
188 71.904 sec 7077888
189 70.872 sec 7077888
190 71.285 sec 7077888
191 71.129 sec 7077888
192 71.151 sec 7077888
193 70.868 sec 7077888
194 70.492 sec 7077888
195 70.168 sec 7077888
196 69.729 sec 7077888
197 70.822 sec 7077888
198 72.788 sec 7077888
199 70.303 sec 7077888
200 70.500 sec 7077888
201 70.309 sec 7077888
202 70.516 sec 7077888
203 70.396 sec 7077888
204 70.285 sec 7077888
205 71.038 sec 7077888
206 71.211 sec 7077888
207 72.161 sec 7077888
208 72.369 sec 7077888
209 71.860 sec 7077888
210 71.742 sec 7077888
211 70.855 sec 7077888
212 71.622 sec 7077888
213 70.944 sec 7077888
214 72.181 sec 7077888
215 72.230 sec 7077888
216 73.289 sec 7077888
217 74.461 sec 7077888
218 73.382 sec 7077888
219 73.122 sec 7077888
220 73.597 sec 7077888
221 73.047 sec 7077888
222 74.367 sec 7077888
223 73.595 sec 7077888
224 73.848 sec 7077888
225 72.543 sec 7077888
226 73.023 sec 7077888
227 73.838 sec 7077888
228 73.114 sec 7077888
229 73.360 sec 7077888
230 73.498 sec 7077888
231 73.687 sec 7077888
232 73.844 sec 7077888
233 74.071 sec 7077888
234 73.892 sec 7077888
235 73.396 sec 7077888
236 73.447 sec 7077888
237 73.070 sec 7077888
238 73.240 sec 7077888
239 72.850 sec 7077888
240 73.134 sec 7077888
241 73.549 sec 7077888
242 72.951 sec 7077888
243 71.764 sec 7077888
244 71.887 sec 7077888
245 71.893 sec 7077888
246 71.652 sec 7077888
247 72.334 sec 7077888
248 72.615 sec 7077888
249 72.918 sec 7077888
250 73.225 sec 7077888
251 74.613 sec 7077888
252 74.855 sec 7077888
253 73.950 sec 7077888
254 73.648 sec 7077888
255 73.726 sec 7077888
256 74.662 sec 7077888
257 74.317 sec 7077888
258 74.878 sec 7077888
259 74.501 sec 7077888
260 78.089 sec 7077888
261 74.959 sec 7077888
262 72.978 sec 7077888
263 73.881 sec 7077888
264 74.156 sec 7077888
265 74.927 sec 7077888
266 75.551 sec 7077888
267 76.679 sec 7077888
268 75.499 sec 7077888
269 75.576 sec 7077888
270 76.708 sec 7077888
271 76.329 sec 7077888
272 76.235 sec 7077888
273 76.180 sec 7077888
274 76.166 sec 7077888
275 77.208 sec 7077888
276 76.731 sec 7077888
277 76.723 sec 7077888
278 77.161 sec 7077888
279 76.251 sec 7077888
280 75.959 sec 7077888
281 75.803 sec 7077888
282 76.627 sec 7077888
283 76.160 sec 7077888
284 75.388 sec 7077888
285 75.030 sec 7077888
286 75.290 sec 7077888
287 75.396 sec 7077888
288 75.220 sec 7077888
289 74.875 sec 7077888
290 75.635 sec 7077888
291 75.783 sec 7077888
292 76.191 sec 7077888
293 76.629 sec 7077888
294 77.798 sec 7077888
295 76.034 sec 7077888
296 77.097 sec 7077888
297 76.244 sec 7077888
298 76.150 sec 7077888
299 75.867 sec 7077888
300 76.141 sec 7077888
301 76.282 sec 7077888
302 75.352 sec 7077888
303 75.358 sec 7077888
304 75.706 sec 7077888
305 74.659 sec 7077888
306 74.427 sec 7077888
307 75.053 sec 7077888
308 75.348 sec 7077888
309 74.672 sec 7077888
310 74.968 sec 7077888
311 74.902 sec 7077888
312 73.574 sec 7077888
313 74.630 sec 7077888
314 74.887 sec 7077888
315 75.476 sec 7077888
316 74.543 sec 7077888
317 74.977 sec 7077888
318 75.214 sec 7077888
319 75.482 sec 7077888
320 74.559 sec 7077888
321 74.912 sec 7077888
322 74.919 sec 7077888
323 73.533 sec 7077888
324 74.427 sec 7077888
325 74.453 sec 7077888
326 75.082 sec 7077888
327 76.152 sec 7077888
328 78.874 sec 7077888
329 78.800 sec 7077888
330 76.518 sec 7077888
331 77.659 sec 7077888
332 78.422 sec 7077888
333 78.226 sec 7077888
334 78.602 sec 7077888
335 79.202 sec 7077888
336 78.088 sec 7077888
337 78.711 sec 7077888
338 77.590 sec 7077888
339 77.101 sec 7077888
340 77.802 sec 7077888
341 76.865 sec 7077888
342 76.391 sec 7077888
343 76.110 sec 7077888
344 75.125 sec 7077888
345 74.402 sec 7077888
346 73.695 sec 7077888
347 73.719 sec 7077888
348 72.142 sec 7077888
349 72.316 sec 7077888
350 73.129 sec 7077888
351 72.191 sec 7077888
352 71.927 sec 7077888
353 72.836 sec 7077888
354 74.292 sec 7077888
355 74.717 sec 7077888
356 75.394 sec 7077888
357 75.432 sec 7077888
358 75.629 sec 7077888
359 76.597 sec 7077888
360 77.324 sec 7077888
361 77.331 sec 7077888
362 77.585 sec 7077888
363 77.718 sec 7077888
364 76.655 sec 7077888
365 76.957 sec 7077888
366 77.461 sec 7077888
367 77.451 sec 7077888
368 74.459 sec 7077888
369 73.081 sec 7077888
370 72.452 sec 7077888
371 71.759 sec 7077888
372 71.778 sec 7077888
373 71.752 sec 7077888
374 71.224 sec 7077888
375 71.219 sec 7077888
376 71.077 sec 7077888
377 70.645 sec 7077888
378 70.555 sec 7077888
379 70.576 sec 7077888
380 70.240 sec 7077888
381 70.237 sec 7077888
382 70.109 sec 7077888
383 69.839 sec 7077888
384 70.913 sec 7077888
385 69.898 sec 7077888
386 70.911 sec 7077888
387 70.980 sec 7077888
388 72.142 sec 7077888
389 70.272 sec 7077888
390 70.896 sec 7077888
391 70.684 sec 7077888
392 71.051 sec 7077888
393 72.328 sec 7077888
394 72.454 sec 7077888
395 71.588 sec 7077888
396 72.122 sec 7077888
397 72.520 sec 7077888
398 72.877 sec 7077888
399 72.497 sec 7077888
