1 1.166 sec 262144
1 883.89 msec 262144
2 968.71 msec 262144
3 853.58 msec 262144
4 948.75 msec 262144
5 938.84 msec 262144
6 919.48 msec 262144
7 908.96 msec 262144
8 889.75 msec 262144
9 947.67 msec 262144
10 932.23 msec 262144
11 911.99 msec 262144
1 1.252 sec 262144
2 858.56 msec 262144
3 840.69 msec 262144
4 814.10 msec 262144
5 793.94 msec 262144
6 829.84 msec 262144
7 825.17 msec 262144
8 882.96 msec 262144
9 807.89 msec 262144
10 803.96 msec 262144
11 804.38 msec 262144
12 832.99 msec 262144
13 831.19 msec 262144
14 820.32 msec 262144
15 854.74 msec 262144
16 890.29 msec 262144
17 810.65 msec 262144
18 827.98 msec 262144
19 832.12 msec 262144
20 809.63 msec 262144
21 889.45 msec 262144
22 894.60 msec 262144
23 871.00 msec 262144
24 863.53 msec 262144
25 887.78 msec 262144
26 864.91 msec 262144
27 904.91 msec 262144
28 850.81 msec 262144
29 883.72 msec 262144
30 890.83 msec 262144
31 862.40 msec 262144
32 903.46 msec 262144
33 1.129 sec 262144
34 1.076 sec 262144
35 1.047 sec 262144
36 1.058 sec 262144
37 1.028 sec 262144
38 1.222 sec 262144
39 969.56 msec 262144
40 1.015 sec 262144
41 984.22 msec 262144
42 1.049 sec 262144
43 1.040 sec 262144
44 924.69 msec 262144
45 1.037 sec 262144
46 1.257 sec 262144
47 1.115 sec 262144
48 1.048 sec 262144
49 1.076 sec 262144
50 1.228 sec 262144
51 936.56 msec 262144
52 943.83 msec 262144
53 976.32 msec 262144
54 962.58 msec 262144
55 1.018 sec 262144
56 1.007 sec 262144
57 962.34 msec 262144
58 1.090 sec 262144
59 1.021 sec 262144
60 1.076 sec 262144
61 1.084 sec 262144
62 1.072 sec 262144
63 1.017 sec 262144
64 990.22 msec 262144
65 990.39 msec 262144
66 976.61 msec 262144
67 1.002 sec 262144
68 980.01 msec 262144
69 975.27 msec 262144
70 1.029 sec 262144
71 991.35 msec 262144
72 988.86 msec 262144
73 995.68 msec 262144
74 1.008 sec 262144
75 1.015 sec 262144
76 1.012 sec 262144
77 1.033 sec 262144
78 1.017 sec 262144
79 984.62 msec 262144
80 1.083 sec 262144
81 1.030 sec 262144
82 1.050 sec 262144
83 1.044 sec 262144
84 1.019 sec 262144
85 1.041 sec 262144
86 1.038 sec 262144
87 1.039 sec 262144
88 1.095 sec 262144
89 992.43 msec 262144
90 1.049 sec 262144
91 982.97 msec 262144
92 1.019 sec 262144
93 994.64 msec 262144
94 1.024 sec 262144
95 969.81 msec 262144
96 1.009 sec 262144
97 997.66 msec 262144
98 957.08 msec 262144
99 989.27 msec 262144
100 947.14 msec 262144
101 993.17 msec 262144
102 928.20 msec 262144
103 932.87 msec 262144
104 971.91 msec 262144
105 927.66 msec 262144
106 957.32 msec 262144
107 1.007 sec 262144
108 1.000 sec 262144
109 1.004 sec 262144
110 992.27 msec 262144
111 978.59 msec 262144
112 983.88 msec 262144
113 997.41 msec 262144
114 1.027 sec 262144
115 971.63 msec 262144
116 971.53 msec 262144
117 1.060 sec 262144
118 1.036 sec 262144
119 1.024 sec 262144
120 1.088 sec 262144
121 987.85 msec 262144
122 1.115 sec 262144
123 1.034 sec 262144
124 1.218 sec 262144
125 1.029 sec 262144
126 1.092 sec 262144
127 1.150 sec 262144
128 1.364 sec 262144
129 1.141 sec 262144
130 1.155 sec 262144
131 1.286 sec 262144
132 1.533 sec 262144
133 1.053 sec 262144
134 1.134 sec 262144
135 1.058 sec 262144
136 1.062 sec 262144
137 1.109 sec 262144
138 1.163 sec 262144
139 1.040 sec 262144
140 1.294 sec 262144
141 1.626 sec 262144
142 1.426 sec 262144
143 1.190 sec 262144
144 1.312 sec 262144
145 1.386 sec 262144
146 1.162 sec 262144
147 1.217 sec 262144
148 1.086 sec 262144
149 1.123 sec 262144
150 1.144 sec 262144
151 1.045 sec 262144
152 1.055 sec 262144
153 1.053 sec 262144
154 1.038 sec 262144
155 1.022 sec 262144
156 1.008 sec 262144
157 1.064 sec 262144
158 1.007 sec 262144
159 1.003 sec 262144
160 982.40 msec 262144
161 946.25 msec 262144
162 961.68 msec 262144
163 965.55 msec 262144
164 959.46 msec 262144
165 955.13 msec 262144
166 962.68 msec 262144
167 961.27 msec 262144
168 1.006 sec 262144
169 1.002 sec 262144
170 975.92 msec 262144
171 1.053 sec 262144
172 982.82 msec 262144
173 993.72 msec 262144
174 928.31 msec 262144
175 968.20 msec 262144
176 911.64 msec 262144
177 931.93 msec 262144
178 964.54 msec 262144
179 1.087 sec 262144
180 1.276 sec 262144
181 1.186 sec 262144
182 983.04 msec 262144
183 1.172 sec 262144
184 1.182 sec 262144
185 1.277 sec 262144
186 1.334 sec 262144
187 1.416 sec 262144
188 1.336 sec 262144
189 1.157 sec 262144
190 1.361 sec 262144
191 1.179 sec 262144
192 1.506 sec 262144
193 1.379 sec 262144
194 1.380 sec 262144
195 1.301 sec 262144
196 1.350 sec 262144
197 1.249 sec 262144
198 1.078 sec 262144
199 1.115 sec 262144
200 1.092 sec 262144
201 1.125 sec 262144
202 1.351 sec 262144
203 1.213 sec 262144
204 1.550 sec 262144
205 1.668 sec 262144
206 1.324 sec 262144
207 1.177 sec 262144
208 1.082 sec 262144
209 1.260 sec 262144
210 1.196 sec 262144
211 1.034 sec 262144
212 1.065 sec 262144
213 1.007 sec 262144
214 1.000 sec 262144
215 1.079 sec 262144
216 1.139 sec 262144
217 991.10 msec 262144
218 1.011 sec 262144
219 1.054 sec 262144
220 1.048 sec 262144
221 1.099 sec 262144
222 1.078 sec 262144
223 1.155 sec 262144
224 1.093 sec 262144
225 1.059 sec 262144
226 1.119 sec 262144
227 1.098 sec 262144
228 1.025 sec 262144
229 1.061 sec 262144
230 1.054 sec 262144
231 1.019 sec 262144
232 1.124 sec 262144
233 1.090 sec 262144
234 990.64 msec 262144
235 1.103 sec 262144
236 1.050 sec 262144
237 1.074 sec 262144
238 1.082 sec 262144
239 1.077 sec 262144
240 990.39 msec 262144
241 1.114 sec 262144
242 1.069 sec 262144
243 1.091 sec 262144
244 1.042 sec 262144
245 989.39 msec 262144
246 1.046 sec 262144
247 935.95 msec 262144
248 1.056 sec 262144
249 1.105 sec 262144
250 1.225 sec 262144
251 1.213 sec 262144
252 1.351 sec 262144
253 1.222 sec 262144
254 1.268 sec 262144
255 979.71 msec 262144
256 905.50 msec 262144
257 915.24 msec 262144
258 902.54 msec 262144
259 924.72 msec 262144
260 1.004 sec 262144
261 1.386 sec 262144
262 1.215 sec 262144
263 1.051 sec 262144
264 1.046 sec 262144
265 1.263 sec 262144
266 1.560 sec 262144
267 1.283 sec 262144
268 1.293 sec 262144
269 1.162 sec 262144
270 1.328 sec 262144
271 1.542 sec 262144
272 1.084 sec 262144
273 1.054 sec 262144
274 1.043 sec 262144
275 1.110 sec 262144
276 1.083 sec 262144
277 1.068 sec 262144
278 1.110 sec 262144
279 1.509 sec 262144
280 1.297 sec 262144
281 1.304 sec 262144
282 1.239 sec 262144
283 1.280 sec 262144
284 1.329 sec 262144
285 1.133 sec 262144
286 1.453 sec 262144
287 1.280 sec 262144
288 1.280 sec 262144
289 1.371 sec 262144
290 1.154 sec 262144
291 1.226 sec 262144
292 1.220 sec 262144
293 1.253 sec 262144
294 1.260 sec 262144
295 1.179 sec 262144
296 1.103 sec 262144
297 1.121 sec 262144
298 1.477 sec 262144
299 1.301 sec 262144
300 1.364 sec 262144
301 1.268 sec 262144
302 1.089 sec 262144
303 1.161 sec 262144
304 1.288 sec 262144
305 1.304 sec 262144
306 1.342 sec 262144
307 1.767 sec 262144
308 1.275 sec 262144
309 1.285 sec 262144
310 1.300 sec 262144
311 1.102 sec 262144
312 1.113 sec 262144
313 1.146 sec 262144
314 1.255 sec 262144
315 1.229 sec 262144
316 1.197 sec 262144
317 1.149 sec 262144
318 1.114 sec 262144
319 1.110 sec 262144
320 1.154 sec 262144
321 1.122 sec 262144
322 1.116 sec 262144
323 1.403 sec 262144
324 1.729 sec 262144
325 1.618 sec 262144
326 1.047 sec 262144
327 1.091 sec 262144
328 1.112 sec 262144
329 1.089 sec 262144
330 1.141 sec 262144
331 1.089 sec 262144
332 1.103 sec 262144
333 1.125 sec 262144
334 1.082 sec 262144
335 1.093 sec 262144
336 1.110 sec 262144
337 1.146 sec 262144
338 1.165 sec 262144
339 1.156 sec 262144
340 1.137 sec 262144
341 1.249 sec 262144
342 1.091 sec 262144
343 1.139 sec 262144
344 1.187 sec 262144
345 1.187 sec 262144
346 1.125 sec 262144
347 1.119 sec 262144
348 1.126 sec 262144
349 1.141 sec 262144
350 1.128 sec 262144
351 1.212 sec 262144
352 1.209 sec 262144
353 1.187 sec 262144
354 1.158 sec 262144
355 1.184 sec 262144
356 1.258 sec 262144
357 1.257 sec 262144
358 1.347 sec 262144
359 1.573 sec 262144
360 1.325 sec 262144
361 1.428 sec 262144
362 1.329 sec 262144
363 1.189 sec 262144
364 1.246 sec 262144
365 1.366 sec 262144
366 1.325 sec 262144
367 1.532 sec 262144
368 1.064 sec 262144
369 1.066 sec 262144
370 1.099 sec 262144
371 1.087 sec 262144
372 1.069 sec 262144
373 1.276 sec 262144
374 1.527 sec 262144
375 1.304 sec 262144
376 1.113 sec 262144
377 1.074 sec 262144
378 1.182 sec 262144
379 1.284 sec 262144
380 1.346 sec 262144
381 1.331 sec 262144
382 1.260 sec 262144
383 1.110 sec 262144
384 1.076 sec 262144
385 1.056 sec 262144
386 1.048 sec 262144
387 1.059 sec 262144
388 1.060 sec 262144
389 1.067 sec 262144
390 1.056 sec 262144
391 1.065 sec 262144
392 1.128 sec 262144
393 1.266 sec 262144
394 1.371 sec 262144
395 1.249 sec 262144
396 1.243 sec 262144
397 1.169 sec 262144
398 1.118 sec 262144
399 1.176 sec 262144
1 1.489 sec 262144
2 887.60 msec 262144
3 841.62 msec 262144
4 896.71 msec 262144
5 1.243 sec 262144
6 1.240 sec 262144
7 882.15 msec 262144
1 1.282 sec 262144
2 1.163 sec 262144
3 1.455 sec 262144
4 887.61 msec 262144
5 921.02 msec 262144
6 883.01 msec 262144
7 1.083 sec 262144
8 1.314 sec 262144
9 968.50 msec 262144
10 1.335 sec 262144
11 1.019 sec 262144
12 840.79 msec 262144
13 852.16 msec 262144
14 867.23 msec 262144
15 862.60 msec 262144
16 1.779 sec 262144
17 2.302 sec 262144
18 1.163 sec 262144
19 1.134 sec 262144
20 1.194 sec 262144
21 1.645 sec 262144
22 1.308 sec 262144
23 939.93 msec 262144
24 1.048 sec 262144
25 917.32 msec 262144
26 937.58 msec 262144
27 938.37 msec 262144
28 1.106 sec 262144
29 1.004 sec 262144
30 977.37 msec 262144
31 1.002 sec 262144
32 1.141 sec 262144
33 934.75 msec 262144
34 927.11 msec 262144
35 975.68 msec 262144
36 1.297 sec 262144
37 1.279 sec 262144
38 1.755 sec 262144
1 1.225 sec 262144
2 927.83 msec 262144
3 1.395 sec 262144
4 1.982 sec 262144
5 1.541 sec 262144
6 1.184 sec 262144
7 1.403 sec 262144
8 1.129 sec 262144
9 1.024 sec 262144
10 1.293 sec 262144
11 1.396 sec 262144
12 1.097 sec 262144
13 948.97 msec 262144
14 847.80 msec 262144
15 887.62 msec 262144
16 878.38 msec 262144
17 842.82 msec 262144
18 895.44 msec 262144
19 858.68 msec 262144
20 895.79 msec 262144
21 918.41 msec 262144
22 877.51 msec 262144
23 915.96 msec 262144
24 883.53 msec 262144
25 913.61 msec 262144
26 906.18 msec 262144
27 894.02 msec 262144
28 918.80 msec 262144
29 877.22 msec 262144
30 914.18 msec 262144
31 938.39 msec 262144
32 902.44 msec 262144
33 909.78 msec 262144
34 936.28 msec 262144
35 914.85 msec 262144
36 949.51 msec 262144
37 912.80 msec 262144
38 933.31 msec 262144
39 898.43 msec 262144
40 979.23 msec 262144
41 936.37 msec 262144
42 944.03 msec 262144
43 890.31 msec 262144
44 961.31 msec 262144
45 884.03 msec 262144
46 1.010 sec 262144
47 921.22 msec 262144
48 934.20 msec 262144
49 985.46 msec 262144
50 923.77 msec 262144
51 1.133 sec 262144
52 1.173 sec 262144
53 1.153 sec 262144
54 981.02 msec 262144
55 1.014 sec 262144
56 980.27 msec 262144
57 1.027 sec 262144
58 1.001 sec 262144
59 971.25 msec 262144
60 990.76 msec 262144
61 998.23 msec 262144
62 1.010 sec 262144
63 1.006 sec 262144
64 992.61 msec 262144
65 976.35 msec 262144
66 976.37 msec 262144
67 1.007 sec 262144
68 1.018 sec 262144
69 1.031 sec 262144
70 1.051 sec 262144
71 1.003 sec 262144
72 1.098 sec 262144
73 1.041 sec 262144
74 1.019 sec 262144
75 1.061 sec 262144
76 1.028 sec 262144
77 1.106 sec 262144
78 1.064 sec 262144
79 1.034 sec 262144
80 1.077 sec 262144
81 1.014 sec 262144
82 1.068 sec 262144
83 1.126 sec 262144
84 1.026 sec 262144
85 1.052 sec 262144
86 1.101 sec 262144
87 1.054 sec 262144
88 1.085 sec 262144
89 1.039 sec 262144
90 1.023 sec 262144
91 1.054 sec 262144
92 1.019 sec 262144
93 1.024 sec 262144
94 1.034 sec 262144
95 1.023 sec 262144
96 1.044 sec 262144
97 996.18 msec 262144
98 993.12 msec 262144
99 1.036 sec 262144
100 948.43 msec 262144
101 1.186 sec 262144
102 1.172 sec 262144
103 992.64 msec 262144
104 1.004 sec 262144
105 978.47 msec 262144
106 972.32 msec 262144
107 979.70 msec 262144
108 1.004 sec 262144
109 958.66 msec 262144
110 1.015 sec 262144
111 988.58 msec 262144
112 1.007 sec 262144
113 1.034 sec 262144
114 1.094 sec 262144
115 991.69 msec 262144
116 1.026 sec 262144
117 1.039 sec 262144
118 1.042 sec 262144
119 1.021 sec 262144
120 1.004 sec 262144
121 1.033 sec 262144
122 1.030 sec 262144
123 1.050 sec 262144
124 1.017 sec 262144
125 1.013 sec 262144
126 1.036 sec 262144
127 1.011 sec 262144
128 1.184 sec 262144
129 1.127 sec 262144
130 1.060 sec 262144
131 1.059 sec 262144
132 1.065 sec 262144
133 1.042 sec 262144
134 1.096 sec 262144
135 1.095 sec 262144
136 1.265 sec 262144
137 1.056 sec 262144
138 1.093 sec 262144
139 1.064 sec 262144
140 1.066 sec 262144
141 1.068 sec 262144
142 1.068 sec 262144
143 1.051 sec 262144
144 1.060 sec 262144
145 1.029 sec 262144
146 1.034 sec 262144
147 1.054 sec 262144
148 1.017 sec 262144
149 1.060 sec 262144
150 1.041 sec 262144
151 1.318 sec 262144
152 1.252 sec 262144
153 1.209 sec 262144
154 1.053 sec 262144
155 1.053 sec 262144
156 1.059 sec 262144
157 1.022 sec 262144
158 1.035 sec 262144
159 1.084 sec 262144
160 967.11 msec 262144
161 986.46 msec 262144
162 992.91 msec 262144
163 969.43 msec 262144
164 1.006 sec 262144
165 965.92 msec 262144
166 1.034 sec 262144
167 980.81 msec 262144
168 934.60 msec 262144
169 947.93 msec 262144
170 923.78 msec 262144
171 935.70 msec 262144
172 956.01 msec 262144
173 916.57 msec 262144
174 926.55 msec 262144
175 882.90 msec 262144
176 892.34 msec 262144
177 930.18 msec 262144
178 907.64 msec 262144
179 975.05 msec 262144
180 931.81 msec 262144
181 944.99 msec 262144
182 883.29 msec 262144
183 931.49 msec 262144
184 935.11 msec 262144
185 911.10 msec 262144
186 971.39 msec 262144
187 939.27 msec 262144
188 977.66 msec 262144
189 952.64 msec 262144
190 971.12 msec 262144
191 956.92 msec 262144
192 972.09 msec 262144
193 1.006 sec 262144
194 1.013 sec 262144
195 1.041 sec 262144
196 968.23 msec 262144
197 1.025 sec 262144
198 1.012 sec 262144
199 1.059 sec 262144
200 1.040 sec 262144
201 1.153 sec 262144
202 1.241 sec 262144
203 1.118 sec 262144
204 1.185 sec 262144
205 1.084 sec 262144
206 1.070 sec 262144
207 1.104 sec 262144
208 1.128 sec 262144
209 1.140 sec 262144
210 1.181 sec 262144
211 1.166 sec 262144
212 1.126 sec 262144
213 1.114 sec 262144
214 1.107 sec 262144
215 1.117 sec 262144
216 1.153 sec 262144
217 1.103 sec 262144
218 1.098 sec 262144
219 1.109 sec 262144
220 1.137 sec 262144
221 1.101 sec 262144
222 1.049 sec 262144
223 1.089 sec 262144
224 1.072 sec 262144
225 1.106 sec 262144
226 1.052 sec 262144
227 1.021 sec 262144
228 1.098 sec 262144
229 998.03 msec 262144
230 1.027 sec 262144
231 1.029 sec 262144
232 1.070 sec 262144
233 996.37 msec 262144
234 1.072 sec 262144
235 1.046 sec 262144
236 1.014 sec 262144
237 1.028 sec 262144
238 1.062 sec 262144
239 1.032 sec 262144
240 999.63 msec 262144
241 1.054 sec 262144
242 1.043 sec 262144
243 1.011 sec 262144
244 996.17 msec 262144
245 1.016 sec 262144
246 974.93 msec 262144
247 948.72 msec 262144
248 955.53 msec 262144
249 950.14 msec 262144
250 919.60 msec 262144
251 1.141 sec 262144
252 1.292 sec 262144
253 1.128 sec 262144
254 921.19 msec 262144
255 1.006 sec 262144
256 929.57 msec 262144
257 955.12 msec 262144
258 972.75 msec 262144
259 983.65 msec 262144
260 943.62 msec 262144
261 935.90 msec 262144
262 961.84 msec 262144
263 944.79 msec 262144
264 927.28 msec 262144
265 984.04 msec 262144
266 949.27 msec 262144
267 974.21 msec 262144
268 967.42 msec 262144
269 950.95 msec 262144
270 977.37 msec 262144
271 1.001 sec 262144
272 988.98 msec 262144
273 1.019 sec 262144
274 1.056 sec 262144
275 1.039 sec 262144
276 1.021 sec 262144
277 1.092 sec 262144
278 1.140 sec 262144
279 1.083 sec 262144
280 1.094 sec 262144
281 1.171 sec 262144
282 1.128 sec 262144
283 1.095 sec 262144
284 1.190 sec 262144
285 1.120 sec 262144
286 1.143 sec 262144
287 1.188 sec 262144
288 1.206 sec 262144
289 1.144 sec 262144
290 1.162 sec 262144
291 1.162 sec 262144
292 1.140 sec 262144
293 1.158 sec 262144
294 1.154 sec 262144
295 1.143 sec 262144
296 1.072 sec 262144
297 1.048 sec 262144
298 1.086 sec 262144
299 1.103 sec 262144
300 1.105 sec 262144
301 1.252 sec 262144
302 1.225 sec 262144
303 1.067 sec 262144
304 1.016 sec 262144
305 1.034 sec 262144
306 1.014 sec 262144
307 974.03 msec 262144
308 1.030 sec 262144
309 1.063 sec 262144
310 1.011 sec 262144
311 1.038 sec 262144
312 1.007 sec 262144
313 1.019 sec 262144
314 1.053 sec 262144
315 1.039 sec 262144
316 1.030 sec 262144
317 1.051 sec 262144
318 1.008 sec 262144
319 1.067 sec 262144
320 1.023 sec 262144
321 1.037 sec 262144
322 1.024 sec 262144
323 986.26 msec 262144
324 1.032 sec 262144
325 1.006 sec 262144
326 990.20 msec 262144
327 1.006 sec 262144
328 999.18 msec 262144
329 961.76 msec 262144
330 981.97 msec 262144
331 986.33 msec 262144
332 1.016 sec 262144
333 1.017 sec 262144
334 1.052 sec 262144
335 1.074 sec 262144
336 1.044 sec 262144
337 1.033 sec 262144
338 1.035 sec 262144
339 1.041 sec 262144
340 1.044 sec 262144
341 1.096 sec 262144
342 1.028 sec 262144
343 1.056 sec 262144
344 1.037 sec 262144
345 1.045 sec 262144
346 1.040 sec 262144
347 1.114 sec 262144
348 1.042 sec 262144
349 1.108 sec 262144
350 1.057 sec 262144
351 1.172 sec 262144
352 1.216 sec 262144
353 1.174 sec 262144
354 1.112 sec 262144
355 1.053 sec 262144
356 1.102 sec 262144
357 1.090 sec 262144
358 1.105 sec 262144
359 1.069 sec 262144
360 1.062 sec 262144
361 1.073 sec 262144
362 1.091 sec 262144
363 1.100 sec 262144
364 1.106 sec 262144
365 1.091 sec 262144
366 1.104 sec 262144
367 1.122 sec 262144
368 1.076 sec 262144
369 1.081 sec 262144
370 1.080 sec 262144
371 1.082 sec 262144
372 1.122 sec 262144
373 1.108 sec 262144
374 1.101 sec 262144
375 1.110 sec 262144
376 1.113 sec 262144
377 1.124 sec 262144
378 1.109 sec 262144
379 1.111 sec 262144
380 1.111 sec 262144
381 1.144 sec 262144
382 1.140 sec 262144
383 1.139 sec 262144
384 1.137 sec 262144
385 1.115 sec 262144
386 1.128 sec 262144
387 1.098 sec 262144
388 1.156 sec 262144
389 1.141 sec 262144
390 1.137 sec 262144
391 1.099 sec 262144
392 1.117 sec 262144
393 1.081 sec 262144
394 1.124 sec 262144
395 1.136 sec 262144
396 1.118 sec 262144
397 1.129 sec 262144
398 1.165 sec 262144
399 1.104 sec 262144
1 1.008 sec 262144
2 954.37 msec 262144
3 951.96 msec 262144
4 908.39 msec 262144
5 834.06 msec 262144
6 851.49 msec 262144
7 854.62 msec 262144
8 863.72 msec 262144
9 857.76 msec 262144
10 837.74 msec 262144
11 848.45 msec 262144
12 869.05 msec 262144
13 866.15 msec 262144
14 890.66 msec 262144
15 871.72 msec 262144
16 928.99 msec 262144
17 874.44 msec 262144
18 901.74 msec 262144
19 892.81 msec 262144
20 916.50 msec 262144
21 912.43 msec 262144
22 928.90 msec 262144
23 927.70 msec 262144
24 932.51 msec 262144
25 945.75 msec 262144
26 931.07 msec 262144
27 957.00 msec 262144
28 968.43 msec 262144
29 950.15 msec 262144
30 976.56 msec 262144
31 931.15 msec 262144
32 960.29 msec 262144
33 911.89 msec 262144
34 947.90 msec 262144
35 942.79 msec 262144
36 983.16 msec 262144
37 959.12 msec 262144
38 964.38 msec 262144
39 916.95 msec 262144
40 1.008 sec 262144
41 926.31 msec 262144
42 944.80 msec 262144
43 946.60 msec 262144
44 972.53 msec 262144
45 951.43 msec 262144
46 964.37 msec 262144
47 972.08 msec 262144
48 950.43 msec 262144
49 973.61 msec 262144
50 986.51 msec 262144
51 1.084 sec 262144
52 966.78 msec 262144
53 992.09 msec 262144
54 983.12 msec 262144
55 1.028 sec 262144
56 1.005 sec 262144
57 1.010 sec 262144
58 1.046 sec 262144
59 1.022 sec 262144
60 1.053 sec 262144
61 1.052 sec 262144
62 1.048 sec 262144
63 1.042 sec 262144
64 1.035 sec 262144
65 1.060 sec 262144
66 1.031 sec 262144
67 1.072 sec 262144
68 1.045 sec 262144
69 1.045 sec 262144
70 1.096 sec 262144
71 1.066 sec 262144
72 1.101 sec 262144
73 1.066 sec 262144
74 1.066 sec 262144
75 1.127 sec 262144
76 1.079 sec 262144
77 1.103 sec 262144
78 1.119 sec 262144
79 1.064 sec 262144
80 1.131 sec 262144
81 1.072 sec 262144
82 1.107 sec 262144
83 1.114 sec 262144
84 1.074 sec 262144
85 1.117 sec 262144
86 1.102 sec 262144
87 1.112 sec 262144
88 1.118 sec 262144
89 1.091 sec 262144
90 1.103 sec 262144
91 1.073 sec 262144
92 1.080 sec 262144
93 1.095 sec 262144
94 1.153 sec 262144
95 1.080 sec 262144
96 1.088 sec 262144
97 1.070 sec 262144
98 1.035 sec 262144
99 1.058 sec 262144
100 1.033 sec 262144
101 1.168 sec 262144
102 1.015 sec 262144
103 993.68 msec 262144
104 1.057 sec 262144
105 1.052 sec 262144
106 1.040 sec 262144
107 1.011 sec 262144
108 1.022 sec 262144
109 1.084 sec 262144
110 1.025 sec 262144
111 1.077 sec 262144
112 1.073 sec 262144
113 1.058 sec 262144
114 1.082 sec 262144
115 1.067 sec 262144
116 1.066 sec 262144
117 1.089 sec 262144
118 1.109 sec 262144
119 1.075 sec 262144
120 1.058 sec 262144
121 1.059 sec 262144
122 1.166 sec 262144
123 1.072 sec 262144
124 1.183 sec 262144
125 1.143 sec 262144
126 1.079 sec 262144
127 1.074 sec 262144
128 1.186 sec 262144
129 1.126 sec 262144
130 1.159 sec 262144
131 1.106 sec 262144
132 1.140 sec 262144
133 1.113 sec 262144
134 1.172 sec 262144
135 1.143 sec 262144
136 1.130 sec 262144
137 1.106 sec 262144
138 1.192 sec 262144
139 1.221 sec 262144
140 1.388 sec 262144
141 1.199 sec 262144
142 1.186 sec 262144
143 1.146 sec 262144
144 1.150 sec 262144
145 1.173 sec 262144
146 1.137 sec 262144
147 1.195 sec 262144
1 847.24 msec 262144
2 798.58 msec 262144
3 773.92 msec 262144
4 800.43 msec 262144
5 783.35 msec 262144
6 797.89 msec 262144
7 779.44 msec 262144
8 802.15 msec 262144
9 768.91 msec 262144
10 796.75 msec 262144
11 798.74 msec 262144
12 799.48 msec 262144
13 804.71 msec 262144
14 814.88 msec 262144
15 811.89 msec 262144
16 824.67 msec 262144
17 805.86 msec 262144
18 819.98 msec 262144
19 809.67 msec 262144
20 804.09 msec 262144
21 849.32 msec 262144
22 830.33 msec 262144
23 870.83 msec 262144
24 832.06 msec 262144
25 846.33 msec 262144
26 831.74 msec 262144
27 845.16 msec 262144
28 852.90 msec 262144
29 868.79 msec 262144
30 852.42 msec 262144
31 846.35 msec 262144
32 850.97 msec 262144
33 864.12 msec 262144
34 863.00 msec 262144
35 857.62 msec 262144
36 868.95 msec 262144
37 880.13 msec 262144
38 876.42 msec 262144
39 843.15 msec 262144
40 909.58 msec 262144
41 1.050 sec 262144
42 1.074 sec 262144
43 894.04 msec 262144
44 928.80 msec 262144
45 911.62 msec 262144
46 899.30 msec 262144
47 964.29 msec 262144
48 924.99 msec 262144
49 889.46 msec 262144
50 916.63 msec 262144
51 1.026 sec 262144
52 900.15 msec 262144
53 939.66 msec 262144
54 1.014 sec 262144
55 938.76 msec 262144
56 959.54 msec 262144
57 1.030 sec 262144
58 1.034 sec 262144
59 1.014 sec 262144
60 1.033 sec 262144
61 1.084 sec 262144
62 1.026 sec 262144
63 1.072 sec 262144
64 1.122 sec 262144
65 1.055 sec 262144
66 1.175 sec 262144
67 1.084 sec 262144
68 1.114 sec 262144
69 985.82 msec 262144
70 1.060 sec 262144
71 1.066 sec 262144
72 1.159 sec 262144
73 1.099 sec 262144
74 1.064 sec 262144
75 1.096 sec 262144
76 1.099 sec 262144
77 1.133 sec 262144
78 1.103 sec 262144
79 1.082 sec 262144
80 1.078 sec 262144
81 1.051 sec 262144
82 1.116 sec 262144
83 1.086 sec 262144
84 1.065 sec 262144
85 1.118 sec 262144
86 1.080 sec 262144
87 1.097 sec 262144
88 1.109 sec 262144
89 1.091 sec 262144
90 1.086 sec 262144
91 1.081 sec 262144
92 1.044 sec 262144
93 1.074 sec 262144
94 1.051 sec 262144
95 1.051 sec 262144
96 1.083 sec 262144
97 1.045 sec 262144
98 1.009 sec 262144
99 1.043 sec 262144
100 1.033 sec 262144
101 1.010 sec 262144
102 1.045 sec 262144
103 1.104 sec 262144
104 1.128 sec 262144
105 1.164 sec 262144
106 1.144 sec 262144
107 1.067 sec 262144
108 1.010 sec 262144
109 1.089 sec 262144
110 1.033 sec 262144
111 1.105 sec 262144
112 1.090 sec 262144
113 1.033 sec 262144
114 1.070 sec 262144
115 1.099 sec 262144
116 1.140 sec 262144
117 1.052 sec 262144
118 1.045 sec 262144
119 1.059 sec 262144
120 1.087 sec 262144
121 1.076 sec 262144
122 1.055 sec 262144
123 1.337 sec 262144
124 1.155 sec 262144
125 1.097 sec 262144
126 1.110 sec 262144
127 1.094 sec 262144
128 1.107 sec 262144
129 1.112 sec 262144
130 1.138 sec 262144
131 1.096 sec 262144
132 1.158 sec 262144
133 1.123 sec 262144
134 1.133 sec 262144
135 1.124 sec 262144
136 1.158 sec 262144
137 1.128 sec 262144
138 1.125 sec 262144
139 1.180 sec 262144
140 1.103 sec 262144
141 1.096 sec 262144
142 1.127 sec 262144
143 1.097 sec 262144
144 1.097 sec 262144
145 1.077 sec 262144
146 1.066 sec 262144
147 1.082 sec 262144
1 850.29 msec 262144
2 863.96 msec 262144
3 781.80 msec 262144
4 803.55 msec 262144
5 780.70 msec 262144
6 809.32 msec 262144
7 784.48 msec 262144
8 774.89 msec 262144
9 812.95 msec 262144
10 799.83 msec 262144
11 820.72 msec 262144
12 795.11 msec 262144
13 817.41 msec 262144
14 841.69 msec 262144
15 962.57 msec 262144
16 806.82 msec 262144
17 798.65 msec 262144
18 833.03 msec 262144
19 827.44 msec 262144
20 825.33 msec 262144
21 830.24 msec 262144
22 883.41 msec 262144
23 850.53 msec 262144
24 843.60 msec 262144
25 854.25 msec 262144
26 837.30 msec 262144
27 866.16 msec 262144
28 832.86 msec 262144
29 858.95 msec 262144
30 856.14 msec 262144
31 837.79 msec 262144
32 855.11 msec 262144
33 854.21 msec 262144
34 933.26 msec 262144
35 890.24 msec 262144
36 890.05 msec 262144
37 853.56 msec 262144
38 881.29 msec 262144
39 865.62 msec 262144
40 888.83 msec 262144
41 870.66 msec 262144
42 889.26 msec 262144
43 865.49 msec 262144
44 908.02 msec 262144
45 863.69 msec 262144
46 900.58 msec 262144
47 882.29 msec 262144
48 873.61 msec 262144
49 880.50 msec 262144
50 866.51 msec 262144
51 899.47 msec 262144
52 884.52 msec 262144
53 887.12 msec 262144
54 918.25 msec 262144
55 926.69 msec 262144
56 928.54 msec 262144
57 919.25 msec 262144
58 954.64 msec 262144
59 940.74 msec 262144
60 957.19 msec 262144
61 968.22 msec 262144
62 955.89 msec 262144
63 943.67 msec 262144
64 950.77 msec 262144
65 959.83 msec 262144
66 935.85 msec 262144
67 936.19 msec 262144
68 955.18 msec 262144
69 947.73 msec 262144
70 980.32 msec 262144
71 948.05 msec 262144
72 999.49 msec 262144
73 958.98 msec 262144
74 984.67 msec 262144
75 1.009 sec 262144
76 972.90 msec 262144
77 1.012 sec 262144
78 985.27 msec 262144
79 981.57 msec 262144
80 1.014 sec 262144
81 977.49 msec 262144
82 1.008 sec 262144
83 1.019 sec 262144
84 987.81 msec 262144
85 1.018 sec 262144
86 1.008 sec 262144
87 1.020 sec 262144
88 1.014 sec 262144
89 975.02 msec 262144
90 996.61 msec 262144
91 978.73 msec 262144
92 995.18 msec 262144
93 961.22 msec 262144
94 989.95 msec 262144
95 957.83 msec 262144
96 994.02 msec 262144
97 994.93 msec 262144
98 955.12 msec 262144
99 965.96 msec 262144
100 937.80 msec 262144
101 922.25 msec 262144
102 968.39 msec 262144
103 904.14 msec 262144
104 942.57 msec 262144
105 922.13 msec 262144
106 917.44 msec 262144
107 964.40 msec 262144
108 977.15 msec 262144
109 960.22 msec 262144
110 935.46 msec 262144
111 963.15 msec 262144
112 978.46 msec 262144
113 955.10 msec 262144
114 992.13 msec 262144
115 982.51 msec 262144
116 977.44 msec 262144
117 981.43 msec 262144
118 981.50 msec 262144
119 955.16 msec 262144
120 984.36 msec 262144
121 960.19 msec 262144
122 978.22 msec 262144
123 971.99 msec 262144
124 967.73 msec 262144
125 961.33 msec 262144
126 971.31 msec 262144
127 952.75 msec 262144
128 1.056 sec 262144
129 967.96 msec 262144
130 1.005 sec 262144
131 1.020 sec 262144
132 1.011 sec 262144
133 989.57 msec 262144
134 1.024 sec 262144
135 991.29 msec 262144
136 1.023 sec 262144
137 1.088 sec 262144
138 1.030 sec 262144
139 1.002 sec 262144
140 1.014 sec 262144
141 986.54 msec 262144
142 1.019 sec 262144
143 1.004 sec 262144
144 990.46 msec 262144
145 964.40 msec 262144
146 943.99 msec 262144
147 1.023 sec 262144
1 911.00 msec 262144
2 774.33 msec 262144
3 787.08 msec 262144
4 786.43 msec 262144
5 783.02 msec 262144
6 806.94 msec 262144
7 781.15 msec 262144
8 768.87 msec 262144
9 767.14 msec 262144
10 785.43 msec 262144
11 795.45 msec 262144
12 802.79 msec 262144
13 807.76 msec 262144
14 849.76 msec 262144
15 839.42 msec 262144
16 859.42 msec 262144
17 813.66 msec 262144
18 811.41 msec 262144
19 859.90 msec 262144
20 794.97 msec 262144
21 828.93 msec 262144
22 820.66 msec 262144
23 817.58 msec 262144
24 839.34 msec 262144
25 842.68 msec 262144
26 859.50 msec 262144
27 821.67 msec 262144
28 843.12 msec 262144
29 846.99 msec 262144
30 844.37 msec 262144
31 852.78 msec 262144
32 874.34 msec 262144
33 901.19 msec 262144
34 856.00 msec 262144
35 849.99 msec 262144
36 872.55 msec 262144
37 852.53 msec 262144
38 877.30 msec 262144
39 831.75 msec 262144
40 886.94 msec 262144
41 914.17 msec 262144
42 849.96 msec 262144
43 861.37 msec 262144
44 879.46 msec 262144
45 862.73 msec 262144
46 864.20 msec 262144
47 872.54 msec 262144
48 872.03 msec 262144
49 865.24 msec 262144
50 881.78 msec 262144
51 948.42 msec 262144
52 921.49 msec 262144
53 888.46 msec 262144
54 902.08 msec 262144
55 903.23 msec 262144
56 920.70 msec 262144
57 917.57 msec 262144
58 963.91 msec 262144
59 932.64 msec 262144
60 926.42 msec 262144
61 950.36 msec 262144
62 923.00 msec 262144
63 930.64 msec 262144
64 914.28 msec 262144
65 916.50 msec 262144
66 951.92 msec 262144
67 937.13 msec 262144
68 945.45 msec 262144
69 940.79 msec 262144
70 999.31 msec 262144
71 944.72 msec 262144
72 980.93 msec 262144
73 950.00 msec 262144
74 975.66 msec 262144
75 989.15 msec 262144
76 965.91 msec 262144
77 995.59 msec 262144
78 1.001 sec 262144
79 944.08 msec 262144
80 997.06 msec 262144
81 968.17 msec 262144
82 1.008 sec 262144
83 975.89 msec 262144
84 979.35 msec 262144
85 1.003 sec 262144
86 986.65 msec 262144
87 990.33 msec 262144
88 1.032 sec 262144
89 970.35 msec 262144
90 1.016 sec 262144
91 984.84 msec 262144
92 946.90 msec 262144
93 956.00 msec 262144
94 957.00 msec 262144
95 951.25 msec 262144
96 967.93 msec 262144
97 974.15 msec 262144
98 933.17 msec 262144
99 955.15 msec 262144
100 930.66 msec 262144
101 952.12 msec 262144
102 965.43 msec 262144
103 887.71 msec 262144
104 916.79 msec 262144
105 911.72 msec 262144
106 912.48 msec 262144
107 944.32 msec 262144
108 940.14 msec 262144
109 1.044 sec 262144
110 1.101 sec 262144
111 1.025 sec 262144
112 1.043 sec 262144
113 1.113 sec 262144
114 1.024 sec 262144
115 952.39 msec 262144
116 1.015 sec 262144
117 966.04 msec 262144
118 963.51 msec 262144
119 945.13 msec 262144
120 955.40 msec 262144
121 989.44 msec 262144
122 945.53 msec 262144
123 996.07 msec 262144
124 981.95 msec 262144
125 959.51 msec 262144
126 978.41 msec 262144
127 999.93 msec 262144
128 1.020 sec 262144
129 982.37 msec 262144
130 1.018 sec 262144
131 991.09 msec 262144
132 1.030 sec 262144
133 1.033 sec 262144
134 1.026 sec 262144
135 1.028 sec 262144
136 1.046 sec 262144
137 1.039 sec 262144
138 1.038 sec 262144
139 1.011 sec 262144
140 1.056 sec 262144
141 1.063 sec 262144
142 1.115 sec 262144
143 1.127 sec 262144
144 1.071 sec 262144
145 1.060 sec 262144
146 1.194 sec 262144
147 1.111 sec 262144
1 856.54 msec 262144
2 781.16 msec 262144
3 836.40 msec 262144
4 795.54 msec 262144
5 847.25 msec 262144
6 792.52 msec 262144
7 796.04 msec 262144
8 788.91 msec 262144
9 818.07 msec 262144
10 786.21 msec 262144
11 790.26 msec 262144
12 830.60 msec 262144
13 813.49 msec 262144
14 814.20 msec 262144
15 822.02 msec 262144
16 808.68 msec 262144
17 832.90 msec 262144
18 815.17 msec 262144
19 819.78 msec 262144
20 814.39 msec 262144
21 826.70 msec 262144
22 830.87 msec 262144
23 841.52 msec 262144
24 818.31 msec 262144
25 991.80 msec 262144
26 931.17 msec 262144
27 887.21 msec 262144
28 904.61 msec 262144
29 910.40 msec 262144
30 918.06 msec 262144
31 893.57 msec 262144
32 919.34 msec 262144
33 925.94 msec 262144
34 938.76 msec 262144
35 910.09 msec 262144
36 941.42 msec 262144
37 902.46 msec 262144
38 983.87 msec 262144
39 904.89 msec 262144
40 948.69 msec 262144
41 923.17 msec 262144
42 924.61 msec 262144
43 932.35 msec 262144
44 946.30 msec 262144
45 910.43 msec 262144
46 984.75 msec 262144
47 927.28 msec 262144
48 920.85 msec 262144
49 936.31 msec 262144
50 1.074 sec 262144
51 1.092 sec 262144
52 1.006 sec 262144
