1 13.5156
2 14.2011
3 14.3097
4 13.9291
5 13.651
6 13.4433
7 13.0097
8 12.949
9 21.2377
10 19.1017
11 16.41
12 13.1726
13 13.3512
14 13.6993
15 13.2897
16 14.383
17 12.8477
18 15.4646
19 14.4194
20 12.9742
21 19.4365
22 15.5449
23 20.3694
24 17.1156
25 20.5037
26 21.054
27 18.3361
28 17.8687
29 17.5119
30 18.1559
31 17.6242
32 18.2813
33 17.9455
34 21.1835
35 23.1366
36 24.5829
37 20.5623
38 21.9563
39 19.3823
40 18.6878
41 19.0598
42 19.1429
43 19.3945
44 25.5486
45 22.5354
46 23.6082
47 21.3377
48 19.1474
49 19.365
50 19.0703
51 19.4551
52 19.0096
53 19.7211
54 19.3938
55 19.9283
56 19.7106
57 20.2711
58 20.265
59 19.9555
60 25.0905
61 21.3991
62 25.8838
63 29.7247
64 21.5738
65 20.1635
66 19.8761
67 19.8706
68 19.798
69 20.1479
70 20.4512
71 27.8601
72 25.8666
73 21.466
74 20.2465
75 20.0627
76 19.8046
77 20.008
78 19.9392
79 23.9106
80 24.0278
81 28.023
82 21.5177
83 19.6334
84 27.6449
85 25.6118
86 26.9141
87 25.3398
88 28.6013
89 27.1357
90 23.7202
91 20.9978
92 21.5844
93 24.547
94 24.0891
95 27.0678
96 20.2722
97 19.037
98 18.9947
99 19.5291
100 19.7492
101 19.4257
102 21.8351
103 27.4017
104 23.3069
105 22.4473
106 19.5166
107 19.4727
108 19.574
109 19.6288
110 19.7329
111 19.7117
112 20.0501
113 20.1131
114 19.9503
115 20.016
116 20.1275
117 20.2147
118 19.989
119 20.9391
120 20.6876
121 20.8701
122 21.3977
123 21.0043
124 20.9207
125 21.5456
126 21.7319
127 22.9717
128 21.2398
129 21.5783
130 20.7003
131 21.5379
132 20.9403
133 21.8161
134 21.9193
135 25.4452
136 29.5402
137 20.8825
138 20.8297
139 20.1847
140 20.0457
141 26.2498
142 29.4852
143 23.1019
144 20.2185
145 19.192
146 19.3534
147 19.2075
148 19.3191
149 19.0624
150 22.346
151 26.5275
152 26.4657
153 25.2644
154 19.6577
155 19.1648
156 19.1101
157 25.2101
158 24.7491
159 27.5957
160 24.6764
161 27.6092
162 22.1857
163 19.6593
164 18.8608
165 19.0033
166 19.4625
167 18.9857
168 19.3247
169 18.9301
170 20.7086
171 19.2829
172 19.5139
173 29.0744
174 26.1033
175 24.8294
176 23.5065
177 19.5083
178 19.1217
179 23.6287
180 21.1922
181 19.1218
182 19.4539
183 18.9302
184 19.3812
185 19.328
186 19.4955
187 20.0049
188 20.4937
189 20.1876
190 20.2628
191 20.2269
192 19.9255
193 19.3488
194 19.3116
195 19.6384
196 19.1778
197 19.7218
198 19.1726
199 21.3032
200 20.8721
201 20.9837
202 24.9993
203 28.6539
204 20.9381
205 20.9921
206 20.6593
207 26.398
208 35.1822
209 29.2497
210 26.3992
211 21.5122
212 20.8919
213 20.8839
214 20.9873
215 20.7366
216 22.8218
217 27.7239
218 23.4034
219 22.3289
220 30.279
221 24.1088
222 22.0876
223 20.7264
224 25.8259
225 27.7228
226 23.7016
227 29.671
228 21.6473
229 33.0741
230 30.1906
231 34.3521
232 22.4732
233 28.2577
234 31.102
235 26.3004
236 40.653
237 43.2425
238 41.8285
239 28.3129
240 27.7278
241 22.768
242 20.3303
243 21.1204
244 20.4239
245 20.0373
246 20.3879
247 20.7751
248 20.8867
249 20.723
250 21.083
251 22.8876
252 27.9972
253 24.7979
254 26.4097
255 25.2702
256 27.5922
257 24.1821
258 20.3124
259 19.4921
260 19.6156
261 19.5388
262 19.3951
263 19.2714
264 19.4159
265 19.322
266 19.8457
267 20.3515
268 21.5617
269 22.0988
270 21.4257
271 21.1626
272 19.3818
273 19.2544
274 19.2823
275 19.6931
276 19.1054
277 19.697
278 19.3925
279 20.0286
280 24.3313
281 25.6426
282 25.0858
283 24.2332
284 24.0193
285 25.4944
286 19.6642
287 21.2619
288 19.6971
289 18.9526
290 18.9797
291 19.1621
292 22.6315
293 20.3954
294 19.0814
295 19.1055
296 19.08
297 19.0907
298 18.9548
299 18.9975
300 18.7178
301 18.6206
302 18.9179
303 18.9182
304 18.8178
305 19.1911
306 19.1631
307 19.4349
308 18.8395
309 18.6234
310 18.7115
311 18.5589
312 18.6978
313 18.8746
314 18.8738
315 19.0297
316 18.8159
317 19.3287
318 19.2542
319 19.0397
320 18.9744
321 18.6007
322 18.6904
323 18.8325
324 18.6258
325 18.3672
326 18.452
327 18.8505
328 18.9499
329 20.2303
330 19.3665
331 18.6137
332 18.5385
333 18.769
334 18.7486
335 18.5652
336 18.6225
337 18.7763
338 18.5261
339 18.6402
340 18.3887
341 18.4088
342 18.5352
343 18.5218
344 18.503
345 18.3212
346 18.5861
347 18.5225
348 18.3957
349 18.5051
350 18.3669
351 18.3345
352 18.4544
353 18.3055
354 18.3488
355 18.8032
356 18.4231
357 17.9773
358 18.3442
359 18.3796
360 18.3638
361 18.4068
362 18.5183
363 18.4539
364 18.5433
365 19.2974
366 19.0729
367 18.8893
368 19.4885
369 18.8407
370 19.3055
371 19.5722
372 19.0455
373 19.559
374 19.6847
375 19.2463
376 19.647
377 20.36
378 20.6113
379 19.2227
380 19.6707
381 19.4209
382 19.7487
383 19.9179
384 20.1746
385 19.923
386 19.4613
387 19.146
388 19.1903
389 19.0834
390 19.1562
391 18.7556
392 18.4087
393 18.4191
394 18.4139
395 18.6104
396 18.9744
397 18.4547
398 18.3847
399 18.4148
400 18.3047
401 18.3451
402 18.4472
403 18.1384
404 18.5385
405 18.3957
406 18.5696
407 18.1056
408 18.163
409 17.7194
410 18.1703
411 18.0612
412 18.333
413 17.9796
414 18.1943
415 18.4815
416 18.75
417 18.3718
418 18.3658
419 18.3312
420 18.7486
421 18.2169
422 18.4246
423 18.3757
424 19.7312
425 19.2531
426 18.9448
427 18.6523
428 18.5997
429 18.5201
430 18.8503
431 19.4675
432 20.4347
433 21.5484
434 21.3494
435 21.3604
436 21.6109
437 21.218
438 21.1171
439 21.6442
440 21.5043
441 22.3835
