1 41.3576
2 42.641
3 42.17
4 42.6823
5 42.2653
6 43.2183
7 43.8951
8 44.829
9 44.3037
10 49.9873
11 43.9113
12 49.5951
13 49.7765
14 53.9193
15 54.4584
16 55.1031
17 54.4786
18 53.8453
19 70.5324
20 51.7251
21 70.9328
22 57.6937
23 77.0084
24 65.6017
25 75.6415
26 71.9884
27 82.9219
28 77.9651
29 81.4574
30 81.2547
31 81.3331
32 81.906
33 83.8164
34 83.5615
35 81.1608
36 82.2086
37 83.4046
38 82.8067
39 82.9603
40 86.1909
41 86.4148
42 88.1545
43 90.3067
44 86.9781
45 89.5517
46 89.4009
47 90.179
48 89.1073
49 88.4011
50 92.2775
51 90.7144
52 93.8979
53 90.051
54 90.1643
55 89.8628
56 90.4905
57 93.1666
58 91.6112
59 89.5802
60 91.397
61 94.0106
62 92.6452
63 93.4121
64 94.2034
65 94.2526
66 93.2794
67 96.8905
68 96.0132
69 96.7925
70 94.7549
71 94.1098
72 94.5463
73 92.3235
74 93.248
75 95.4393
76 93.7775
77 96.0993
78 97.3153
79 97.7563
80 95.9436
81 95.3857
82 93.2717
83 94.058
84 92.2463
85 93.6998
86 91.5831
87 91.0205
88 91.2523
89 93.5616
90 91.3392
91 91.0133
92 90.7394
93 90.1854
94 90.1228
95 90.0219
96 92.422
97 90.0237
98 89.157
99 90.3384
100 87.625
101 90.779
102 87.7953
103 89.046
104 87.3878
105 88.2685
106 87.4184
107 90.3483
108 89.0636
109 88.6427
110 88.0665
111 89.1805
112 88.8559
113 91.0104
114 89.1067
115 90.3302
116 91.1371
117 90.8186
118 91.7101
119 92.0152
120 91.2811
121 90.7126
122 92.7658
123 91.6684
124 90.4474
125 91.7781
126 92.4549
127 90.7872
128 91.456
129 91.3552
130 91.7192
131 91.6597
132 89.1841
133 91.2636
134 89.5035
135 90.9491
136 92.7257
137 92.215
138 91.5764
139 94.6942
140 90.9965
141 93.7968
142 89.1073
143 95.3332
144 89.6708
145 91
146 89.9884
147 90.0633
148 88.9548
149 90.1831
150 89.2847
151 87.299
152 89.1507
153 90.7758
154 89.2555
155 90.617
156 88.506
157 89.1782
158 89.6288
159 90.7977
160 90.1014
161 90.6712
162 89.4672
163 90.4604
164 89.7396
165 91.1548
166 88.8608
167 89.3131
168 88.4306
1 39.1502
2 41.4341
3 40.7384
4 41.3601
5 40.711
6 41.7532
7 42.4086
8 43.3071
9 42.4117
10 48.2819
11 43.3041
12 46.6988
13 46.4083
14 50.4702
15 51.3337
16 51.0681
17 50.3756
18 49.4039
19 64.9223
20 46.7928
21 65.5516
22 52.3927
23 70.4435
24 60.3654
25 70.9366
26 66.0545
27 72.3778
28 70.0998
29 74.9933
30 74.6782
31 75.2897
32 76.9952
33 76.937
34 77.7483
35 75.4861
36 77.265
37 78.4128
38 77.2684
39 77.6506
40 80.9286
41 79.6708
42 80.4392
43 80.5458
44 80.2508
45 80.6945
46 81.929
47 82.1235
48 83.3125
49 82.5356
50 82.1905
51 83.9609
52 83.3926
53 83.5306
54 84.4765
55 84.8197
56 84.6888
57 85.6404
58 86.2779
59 84.5304
60 88.2492
61 88.4123
62 87.624
63 89.1493
64 88.5097
65 89.0214
66 88.8632
67 91.2696
68 89.759
69 90.2254
70 89.5178
71 87.1145
72 87.0817
73 87.4419
74 88.353
75 87.9214
76 87.7711
77 87.6872
78 89.1576
79 88.1463
80 87.5514
81 88.3786
82 87.4447
83 87.9229
84 85.3028
85 86.41
86 86.4632
87 85.9669
88 86.1951
89 86.7393
90 85.6243
91 86.6103
92 85.6207
93 85.5441
94 84.3492
95 84.9843
96 85.1024
97 84.7338
98 83.7261
99 84.1579
100 82.919
101 85.1089
102 82.4783
103 83.3442
104 84.1268
105 83.6134
106 84.3613
107 84.6235
108 83.2389
109 84.8092
110 85.3383
111 85.1776
112 84.9929
113 85.2297
114 83.7258
115 86.554
116 85.501
117 86.2428
118 85.9223
119 87.5031
120 85.8238
121 87.2537
122 86.5029
123 87.6751
124 85.6038
125 86.9104
126 86.7667
127 86.0303
128 85.9885
129 87.3405
130 86.0162
131 86.9315
132 85.7777
133 84.8502
134 85.4805
135 85.0084
136 87.4443
137 86.5125
138 86.6162
139 89.1687
140 84.7714
141 88.3051
142 85.1918
143 86.7162
144 83.6102
145 85.1525
146 83.7634
147 84.3124
148 85.6714
149 84.8685
150 85.445
151 83.3315
152 84.0325
153 84.7433
154 84.3688
155 83.3865
156 82.9555
157 83.6759
158 84.2141
159 85.2658
160 83.962
161 84.5598
162 83.241
163 83.5065
164 82.0225
165 82.7526
166 82.7416
167 83.531
1 44.7201
2 49.1709
3 43.5861
4 52.3259
5 45.8789
6 43.7247
7 43.9049
8 44.7559
9 43.5707
10 49.3481
11 43.0966
12 48.4772
13 56.8012
14 54.1432
15 51.6943
16 55.8514
17 52.2948
18 51.4461
19 66.9998
20 49.2938
21 67.7674
22 55.2865
23 73.5672
24 65.543
25 98.3943
26 74.5047
27 76.7348
28 76.1599
29 85.4957
30 78.5893
31 79.2952
32 78.4785
33 78.0449
34 79.445
35 78.6409
36 79.0284
37 79.8013
38 79.9561
39 78.9254
40 82.8261
41 81.2976
42 82.0289
43 81.6105
44 82.8935
45 97.2191
46 93.2545
47 84.5374
48 84.5346
49 87.0585
50 84.7546
51 84.9864
52 86.1041
53 83.1601
54 88.8749
55 83.9079
56 84.7439
57 85.2829
58 85.7316
59 84.6459
60 87.3418
61 88.4728
62 88.9787
63 88.2558
64 88.7994
65 88.4632
66 91.6437
67 90.839
68 91.0331
69 90.4684
70 88.2935
71 88.6597
72 88.7005
73 86.2606
74 88.3151
75 88.056
76 88.2918
77 89.4996
78 95.7344
79 89.6094
80 87.7228
81 88.0658
82 87.9874
83 89.4809
84 87.1402
85 91.0626
86 87.5538
87 85.5992
88 85.889
89 85.8369
90 87.0464
91 87.3156
92 86.8349
93 86.2801
94 87.1146
95 85.7963
96 86.508
97 85.5197
98 85.6467
99 86.2188
100 84.8761
101 83.5763
102 95.2849
103 85.9879
104 84.6453
105 84.5516
106 84.9378
107 85.237
108 85.4147
109 85.3385
110 85.4257
111 85.514
112 86.1269
113 86.6735
114 86.1147
115 86.3133
116 87.2263
117 86.3949
118 86.5974
119 88.4564
120 88.3557
121 86.5737
122 87.9724
123 87.6132
124 87.5033
125 86.6605
126 87.5042
127 86.7297
128 88.237
129 87.1527
130 87.6164
131 87.0218
132 85.8759
133 87.7052
134 87.0438
135 85.2513
136 87.8823
137 87.1589
138 87.7325
139 89.3827
140 85.4767
141 88.4584
142 85.0058
143 87.7698
144 85.6549
145 85.8923
146 86.6561
147 85.0012
148 84.5394
149 84.2407
150 87.4755
151 81.4763
152 90.0903
153 89.437
154 86.521
155 85.1506
156 85.4316
157 83.5371
158 85.0219
159 85.1889
160 85.4804
161 85.2159
162 84.6736
163 83.6804
164 84.8959
165 85.2042
166 84.4473
167 83.1733
168 84.4278
169 83.9617
170 84.8874
171 85.3399
172 85.7858
173 85.3258
174 86.3642
175 85.7284
176 85.5299
177 85.0146
178 85.299
179 84.3803
180 86.2923
181 88.4239
182 88.9357
183 88.3825
184 89.4295
185 88.3607
186 87.5134
187 85.6132
188 85.9417
189 84.291
190 85.5222
191 84.6058
192 85.7646
193 84.8423
194 84.4231
195 83.1821
196 83.872
197 84.5043
198 86.5594
199 83.782
200 84.6689
201 82.8985
202 83.8097
203 84.1622
204 84.2821
205 84.7715
206 85.4478
207 85.9553
208 86.6377
209 85.6618
210 85.8594
211 84.3237
212 85.0001
213 84.3381
214 86.3047
215 87.5099
216 87.558
217 88.4344
218 87.388
219 86.8825
220 87.5345
221 86.4507
222 88.2875
223 87.3537
224 87.8981
225 85.8617
226 86.6739
227 87.2446
228 86.9047
229 86.8065
230 87.4963
231 87.2182
232 87.5602
233 87.2889
234 87.7545
235 86.7591
236 87.4941
237 86.9192
238 87.2589
239 86.3338
240 86.7323
241 87.3057
242 87.2638
243 85.3014
244 86.3154
245 85.634
246 85.6494
247 86.0054
248 86.7662
249 86.6114
250 88.0058
251 90.0815
252 89.3707
253 87.8088
254 87.7451
255 87.8408
256 90.2319
257 88.8515
258 89.0415
259 88.1851
260 93.3022
261 89.5657
262 86.8644
263 87.8725
264 88.1555
265 88.3812
266 89.5253
267 90.4818
268 89.6437
269 89.2177
270 90.5358
271 89.9281
272 90.4007
273 89.6405
274 90.2174
275 90.7363
276 90.6987
277 90.2282
278 90.7653
279 89.7704
280 90.0169
281 89.4925
282 90.3463
283 90.0652
284 89.6655
285 88.4622
286 89.3421
287 88.3922
288 88.4627
289 87.6796
290 89.5467
291 89.4755
292 90.102
293 90.0925
294 91.6291
295 89.5173
296 90.9524
297 90.4759
298 89.8306
299 89.142
300 90.7928
301 89.4815
302 89.3694
303 88.8817
304 89.6863
305 88.3454
306 88.2883
307 88.774
308 89.5194
309 88.3107
310 88.944
311 88.7983
312 87.3613
313 88.3298
314 89.1238
315 89.1089
316 88.3384
317 88.5845
318 89.0698
319 88.886
320 88.5529
321 88.6733
322 88.9868
323 86.7401
324 88.3861
325 88.1688
326 88.9051
327 89.7778
328 93.0823
329 92.1761
330 90.5202
331 91.2046
332 92.2188
333 91.564
334 92.7591
335 92.5862
336 92.9039
337 92.2304
338 91.6733
339 90.7697
340 91.4644
341 90.3188
342 90.3121
343 89.7733
344 88.8096
345 87.8791
346 87.3454
347 87.2498
348 86.1949
349 85.5195
350 87.3778
351 85.5392
352 85.6868
353 86.5995
354 88.4246
355 88.3275
356 89.1123
357 89.0941
358 89.4231
359 90.0158
360 90.8133
361 90.7402
362 91.6763
363 90.8429
364 92.3252
365 90.6186
366 91.4405
367 90.8974
368 88.1855
369 86.0417
370 86.3474
371 85.4181
372 85.6542
373 85.2566
374 85.1029
375 84.7794
376 84.8401
377 84.9211
378 84.4041
379 83.9523
380 83.7591
381 83.9798
382 83.9129
383 83.3589
384 84.778
385 83.3752
386 84.7275
387 84.645
388 86.4644
389 84.042
390 84.8655
391 84.2566
392 84.6395
393 86.014
394 86.2025
395 84.8611
396 86.0322
397 86.3503
398 86.8403
399 86.5728
