1 1.3946
2 1.46809
3 1.31795
4 1.4656
5 1.45877
6 1.44241
7 1.41476
8 1.38985
9 1.44587
10 1.43607
11 1.40363
1 1.84209
2 1.3603
3 1.30971
4 1.29193
5 1.29025
6 1.31044
7 1.29653
8 1.37631
9 1.28191
10 1.28231
11 1.28709
12 1.32392
13 1.30942
14 1.30695
15 1.32777
16 1.38078
17 1.29051
18 1.30194
19 1.29504
20 1.29196
21 1.35984
22 1.39386
23 1.34936
24 1.34734
25 1.35416
26 1.35905
27 1.38013
28 1.33748
29 1.3479
30 1.37236
31 1.35189
32 1.38538
33 1.64993
34 1.62344
35 1.54292
36 1.56966
37 1.57096
38 1.77431
39 1.48178
40 1.51731
41 1.47325
42 1.54175
43 1.5429
44 1.39974
45 1.55745
46 1.81375
47 1.73149
48 1.65311
49 1.6193
50 1.7847
51 1.53198
52 1.4245
53 1.46261
54 1.45135
55 1.50471
56 1.50787
57 1.44002
58 1.56734
59 1.50521
60 1.56872
61 1.59124
62 1.60445
63 1.4975
64 1.49335
65 1.46458
66 1.46833
67 1.47896
68 1.46712
69 1.45237
70 1.51495
71 1.46576
72 1.49976
73 1.47136
74 1.50791
75 1.49754
76 1.53852
77 1.51367
78 1.51115
79 1.44988
80 1.57376
81 1.51493
82 1.53651
83 1.52149
84 1.50329
85 1.51903
86 1.51582
87 1.52147
88 1.57964
89 1.47353
90 1.52462
91 1.47694
92 1.50444
93 1.47781
94 1.50299
95 1.45765
96 1.49609
97 1.49025
98 1.44097
99 1.48435
100 1.43048
101 1.5086
102 1.41524
103 1.42745
104 1.47086
105 1.41276
106 1.45377
107 1.49315
108 1.49192
109 1.486
110 1.48903
111 1.46813
112 1.46195
113 1.47261
114 1.51273
115 1.44195
116 1.462
117 1.54896
118 1.55099
119 1.53977
120 1.58525
121 1.47329
122 1.61703
123 1.58258
124 1.71633
125 1.58773
126 1.61311
127 1.64589
128 1.97168
129 1.68558
130 1.75004
131 1.87057
132 2.21282
133 1.66378
134 1.61862
135 1.57324
136 1.58893
137 1.61244
138 1.68076
139 1.63184
140 1.84189
141 2.24112
142 2.01843
143 1.8189
144 1.94754
145 2.0344
146 1.81069
147 1.84395
148 1.66
149 1.70672
150 1.68661
151 1.57465
152 1.55713
153 1.55374
154 1.55459
155 1.52409
156 1.50007
157 1.576
158 1.50701
159 1.51602
160 1.47386
161 1.4688
162 1.48487
163 1.48071
164 1.50055
165 1.48797
166 1.45873
167 1.4694
168 1.55288
169 1.57677
170 1.52515
171 1.59888
172 1.57662
173 1.52256
174 1.50779
175 1.49799
176 1.52136
177 1.40635
178 1.50674
179 1.66574
180 1.9435
181 1.80944
182 1.58666
183 1.77406
184 1.8518
185 1.94524
186 2.02099
187 2.08405
188 1.97812
189 1.82474
190 2.05147
191 1.82828
192 2.17372
193 2.08521
194 2.02717
195 1.95823
196 2.05355
197 2.10806
198 1.69933
199 1.73562
200 1.72148
201 1.79444
202 2.09758
203 1.9641
204 2.24102
205 2.39839
206 2.02289
207 1.81417
208 1.69381
209 1.8123
210 1.85933
211 1.62927
212 1.61941
213 1.57905
214 1.4931
215 1.65414
216 1.69287
217 1.54476
218 1.50733
219 1.59438
220 1.54898
221 1.6738
222 1.66911
223 1.70869
224 1.66535
225 1.62322
226 1.68058
227 1.65206
228 1.61551
229 1.6078
230 1.62073
231 1.62158
232 1.70735
233 1.66149
234 1.58517
235 1.65251
236 1.62385
237 1.63561
238 1.65545
239 1.64187
240 1.61261
241 1.66045
242 1.65951
243 1.65486
244 1.60961
245 1.55607
246 1.60055
247 1.40962
248 1.63322
249 1.66998
250 2.02541
251 1.98568
252 2.11141
253 1.81672
254 1.83832
255 1.53695
256 1.47287
257 1.45083
258 1.42323
259 1.45755
260 1.55412
261 1.98012
262 1.83666
263 1.68791
264 1.6387
265 1.88416
266 2.21662
267 1.95275
268 1.909
269 1.7526
270 1.95967
271 2.16277
272 1.67163
273 1.61221
274 1.62307
275 1.60845
276 1.63178
277 1.63939
278 1.65123
279 2.08805
280 1.9134
281 1.94393
282 1.84845
283 1.8837
284 2.04963
285 1.83444
286 2.06545
287 2.01114
288 1.91101
289 2.02221
290 1.75576
291 1.84411
292 1.91751
293 1.85741
294 1.83992
295 1.75471
296 1.6886
297 1.72135
298 2.18561
299 2.00192
300 2.03514
301 1.95955
302 1.6824
303 1.74742
304 1.8998
305 1.95654
306 2.02153
307 2.42168
308 1.99998
309 1.97376
310 2.0317
311 1.75829
312 1.7584
313 1.78157
314 1.92216
315 1.88712
316 1.86496
317 1.76554
318 1.74177
319 1.78299
320 1.89282
321 1.77518
322 1.75773
323 2.09777
324 2.43961
325 2.40394
326 1.62479
327 1.72203
328 1.78274
329 1.7028
330 1.78011
331 1.72783
332 1.78322
333 1.76654
334 1.67588
335 1.72377
336 1.77736
337 1.82219
338 1.78372
339 1.78452
340 1.76953
341 1.92795
342 1.7579
343 1.82199
344 1.84626
345 1.84196
346 1.76452
347 1.76912
348 1.80768
349 1.83259
350 1.81487
351 1.86499
352 1.85486
353 1.85616
354 1.82709
355 1.86011
356 1.93669
357 1.94897
358 2.10468
359 2.27787
360 1.99312
361 2.06621
362 1.96789
363 1.77735
364 1.76521
365 1.98438
366 1.94869
367 2.16353
368 1.63539
369 1.54878
370 1.64414
371 1.60074
372 1.60306
373 1.80125
374 2.14316
375 2.03257
376 1.67219
377 1.6101
378 1.72835
379 1.89757
380 1.94385
381 1.89054
382 1.88855
383 1.59958
384 1.62347
385 1.53555
386 1.59407
387 1.57132
388 1.58757
389 1.57593
390 1.5679
391 1.5958
392 1.68348
393 1.87418
394 1.93517
395 1.80758
396 1.80562
397 1.73071
398 1.74534
399 1.73333
1 2.19479
2 1.45157
3 1.38089
4 1.41625
5 1.80503
6 1.80896
7 1.41599
1 1.9712
2 1.75128
3 2.03262
4 1.46956
5 1.5463
6 1.41968
7 1.59341
8 1.89694
9 1.50984
10 1.97913
11 1.58766
12 1.4054
13 1.37911
14 1.41401
15 1.3963
16 2.37646
17 3.11128
18 1.75729
19 1.73365
20 1.79235
21 2.2399
22 1.90715
23 1.49923
24 1.6263
25 1.4831
26 1.52737
27 1.46303
28 1.64542
29 1.52992
30 1.50932
31 1.54206
32 1.70799
33 1.4918
34 1.51
35 1.52686
36 1.87325
37 1.90525
38 2.45189
