1 8.280 sec 2097152
1 8.906 sec 2097152
2 9.830 sec 2097152
3 10.110 sec 2097152
4 9.726 sec 2097152
5 9.434 sec 2097152
6 9.111 sec 2097152
7 8.896 sec 2097152
8 9.093 sec 2097152
9 14.154 sec 2097152
10 13.411 sec 2097152
11 10.965 sec 2097152
12 9.311 sec 2097152
13 9.591 sec 2097152
14 9.916 sec 2097152
15 9.626 sec 2097152
16 10.384 sec 2097152
17 9.167 sec 2097152
18 11.617 sec 2097152
19 10.675 sec 2097152
20 9.204 sec 2097152
21 15.650 sec 2097152
22 11.624 sec 2097152
23 16.595 sec 2097152
24 12.700 sec 2097152
25 16.269 sec 2097152
26 15.883 sec 2097152
27 13.584 sec 2097152
28 14.003 sec 2097152
29 13.785 sec 2097152
30 14.302 sec 2097152
31 13.859 sec 2097152
32 14.417 sec 2097152
33 14.204 sec 2097152
34 16.961 sec 2097152
35 17.707 sec 2097152
36 18.165 sec 2097152
37 14.656 sec 2097152
38 17.820 sec 2097152
39 14.867 sec 2097152
40 14.570 sec 2097152
41 14.993 sec 2097152
42 15.074 sec 2097152
43 15.402 sec 2097152
44 20.498 sec 2097152
45 16.915 sec 2097152
46 18.663 sec 2097152
47 15.473 sec 2097152
48 15.099 sec 2097152
49 15.335 sec 2097152
50 14.991 sec 2097152
51 15.505 sec 2097152
52 15.134 sec 2097152
53 15.733 sec 2097152
54 15.403 sec 2097152
55 15.976 sec 2097152
56 15.634 sec 2097152
57 16.349 sec 2097152
58 16.400 sec 2097152
59 15.686 sec 2097152
60 19.717 sec 2097152
61 15.835 sec 2097152
62 21.566 sec 2097152
63 23.144 sec 2097152
64 15.849 sec 2097152
65 16.056 sec 2097152
66 15.820 sec 2097152
67 15.786 sec 2097152
68 15.821 sec 2097152
69 16.044 sec 2097152
70 16.363 sec 2097152
71 21.606 sec 2097152
72 19.820 sec 2097152
73 16.913 sec 2097152
74 16.002 sec 2097152
75 16.195 sec 2097152
76 15.941 sec 2097152
77 16.064 sec 2097152
78 16.163 sec 2097152
79 19.734 sec 2097152
80 18.408 sec 2097152
81 22.874 sec 2097152
82 16.624 sec 2097152
83 15.615 sec 2097152
84 23.005 sec 2097152
85 20.687 sec 2097152
86 21.677 sec 2097152
87 19.887 sec 2097152
88 22.533 sec 2097152
89 21.506 sec 2097152
90 17.842 sec 2097152
91 16.706 sec 2097152
92 17.025 sec 2097152
93 18.718 sec 2097152
94 19.489 sec 2097152
95 21.609 sec 2097152
96 15.685 sec 2097152
97 15.008 sec 2097152
98 14.943 sec 2097152
99 15.395 sec 2097152
100 15.460 sec 2097152
101 15.317 sec 2097152
102 17.327 sec 2097152
103 20.413 sec 2097152
104 17.874 sec 2097152
105 16.272 sec 2097152
106 15.405 sec 2097152
107 15.440 sec 2097152
108 15.367 sec 2097152
109 15.592 sec 2097152
110 15.714 sec 2097152
111 15.675 sec 2097152
112 15.839 sec 2097152
113 16.183 sec 2097152
114 15.885 sec 2097152
115 15.974 sec 2097152
116 16.016 sec 2097152
117 16.211 sec 2097152
118 15.934 sec 2097152
119 16.923 sec 2097152
120 16.311 sec 2097152
121 16.803 sec 2097152
122 17.282 sec 2097152
123 16.773 sec 2097152
124 16.702 sec 2097152
125 17.216 sec 2097152
126 17.604 sec 2097152
127 18.282 sec 2097152
128 16.857 sec 2097152
129 16.977 sec 2097152
130 16.717 sec 2097152
131 17.465 sec 2097152
132 17.044 sec 2097152
133 17.752 sec 2097152
134 17.516 sec 2097152
135 20.872 sec 2097152
136 23.453 sec 2097152
137 16.492 sec 2097152
138 16.821 sec 2097152
139 16.170 sec 2097152
140 15.965 sec 2097152
141 21.292 sec 2097152
142 22.945 sec 2097152
143 17.236 sec 2097152
144 16.024 sec 2097152
145 15.139 sec 2097152
146 15.140 sec 2097152
147 15.124 sec 2097152
148 15.272 sec 2097152
149 15.103 sec 2097152
150 17.423 sec 2097152
151 20.283 sec 2097152
152 21.114 sec 2097152
153 20.275 sec 2097152
154 15.003 sec 2097152
155 15.044 sec 2097152
156 14.944 sec 2097152
157 20.100 sec 2097152
158 19.206 sec 2097152
159 21.380 sec 2097152
160 19.683 sec 2097152
161 22.383 sec 2097152
162 17.041 sec 2097152
163 15.399 sec 2097152
164 14.777 sec 2097152
165 14.932 sec 2097152
166 15.270 sec 2097152
167 14.878 sec 2097152
168 15.211 sec 2097152
169 14.884 sec 2097152
170 16.568 sec 2097152
171 14.726 sec 2097152
172 15.259 sec 2097152
173 23.826 sec 2097152
174 20.883 sec 2097152
175 19.820 sec 2097152
176 18.248 sec 2097152
177 15.211 sec 2097152
178 15.054 sec 2097152
179 18.666 sec 2097152
180 15.013 sec 2097152
181 15.024 sec 2097152
182 15.278 sec 2097152
183 14.866 sec 2097152
184 15.243 sec 2097152
185 15.218 sec 2097152
186 15.409 sec 2097152
187 15.996 sec 2097152
188 16.157 sec 2097152
189 16.272 sec 2097152
190 16.330 sec 2097152
191 16.251 sec 2097152
192 15.646 sec 2097152
193 15.424 sec 2097152
194 15.252 sec 2097152
195 15.430 sec 2097152
196 15.080 sec 2097152
197 15.637 sec 2097152
198 15.113 sec 2097152
199 17.061 sec 2097152
200 15.758 sec 2097152
201 16.726 sec 2097152
202 19.519 sec 2097152
203 22.612 sec 2097152
204 16.208 sec 2097152
205 16.834 sec 2097152
206 16.557 sec 2097152
207 21.205 sec 2097152
208 30.026 sec 2097152
209 23.423 sec 2097152
210 21.139 sec 2097152
211 17.237 sec 2097152
212 16.791 sec 2097152
213 16.831 sec 2097152
214 16.949 sec 2097152
215 16.786 sec 2097152
216 18.537 sec 2097152
217 23.048 sec 2097152
218 18.763 sec 2097152
219 17.496 sec 2097152
220 23.717 sec 2097152
221 17.790 sec 2097152
222 17.506 sec 2097152
223 16.540 sec 2097152
224 20.578 sec 2097152
225 21.961 sec 2097152
226 18.724 sec 2097152
227 24.501 sec 2097152
228 17.109 sec 2097152
229 27.966 sec 2097152
230 24.962 sec 2097152
231 27.577 sec 2097152
232 17.818 sec 2097152
233 22.915 sec 2097152
234 24.261 sec 2097152
235 20.554 sec 2097152
236 34.651 sec 2097152
237 35.936 sec 2097152
238 33.826 sec 2097152
239 20.569 sec 2097152
240 21.314 sec 2097152
241 17.289 sec 2097152
242 16.171 sec 2097152
243 17.033 sec 2097152
244 16.156 sec 2097152
245 16.159 sec 2097152
246 16.251 sec 2097152
247 16.273 sec 2097152
248 16.845 sec 2097152
249 16.739 sec 2097152
250 17.150 sec 2097152
251 18.524 sec 2097152
252 22.199 sec 2097152
253 19.392 sec 2097152
254 20.347 sec 2097152
255 19.692 sec 2097152
256 21.362 sec 2097152
257 19.301 sec 2097152
258 15.599 sec 2097152
259 15.377 sec 2097152
260 15.467 sec 2097152
261 15.379 sec 2097152
262 15.294 sec 2097152
263 15.349 sec 2097152
264 15.345 sec 2097152
265 15.338 sec 2097152
266 15.832 sec 2097152
267 15.958 sec 2097152
268 17.137 sec 2097152
269 16.948 sec 2097152
270 16.536 sec 2097152
271 16.472 sec 2097152
272 15.250 sec 2097152
273 15.246 sec 2097152
274 15.124 sec 2097152
275 15.551 sec 2097152
276 15.039 sec 2097152
277 15.605 sec 2097152
278 15.357 sec 2097152
279 15.967 sec 2097152
280 18.865 sec 2097152
281 19.273 sec 2097152
282 19.447 sec 2097152
283 18.898 sec 2097152
284 18.952 sec 2097152
285 20.098 sec 2097152
286 15.198 sec 2097152
287 17.472 sec 2097152
288 15.303 sec 2097152
289 15.134 sec 2097152
290 15.076 sec 2097152
291 15.379 sec 2097152
292 18.841 sec 2097152
293 15.888 sec 2097152
294 15.289 sec 2097152
295 15.352 sec 2097152
296 15.215 sec 2097152
297 15.373 sec 2097152
298 15.178 sec 2097152
299 15.246 sec 2097152
300 14.979 sec 2097152
301 14.932 sec 2097152
302 15.181 sec 2097152
303 15.158 sec 2097152
304 15.078 sec 2097152
305 15.504 sec 2097152
306 15.436 sec 2097152
307 15.586 sec 2097152
308 15.079 sec 2097152
309 14.885 sec 2097152
310 14.940 sec 2097152
311 14.844 sec 2097152
312 14.968 sec 2097152
313 15.101 sec 2097152
314 15.133 sec 2097152
315 15.298 sec 2097152
316 15.091 sec 2097152
317 15.557 sec 2097152
318 15.485 sec 2097152
319 15.229 sec 2097152
320 14.995 sec 2097152
321 14.802 sec 2097152
322 14.824 sec 2097152
323 15.121 sec 2097152
324 14.872 sec 2097152
325 14.664 sec 2097152
326 14.707 sec 2097152
327 15.123 sec 2097152
328 15.191 sec 2097152
329 15.732 sec 2097152
330 14.898 sec 2097152
331 14.861 sec 2097152
332 14.795 sec 2097152
333 14.957 sec 2097152
334 14.895 sec 2097152
335 14.853 sec 2097152
336 14.885 sec 2097152
337 15.059 sec 2097152
338 14.764 sec 2097152
339 14.881 sec 2097152
340 14.637 sec 2097152
341 14.688 sec 2097152
342 14.788 sec 2097152
343 14.822 sec 2097152
344 14.730 sec 2097152
345 14.650 sec 2097152
346 14.805 sec 2097152
347 14.826 sec 2097152
348 14.669 sec 2097152
349 14.682 sec 2097152
350 14.639 sec 2097152
351 14.561 sec 2097152
352 14.712 sec 2097152
353 14.559 sec 2097152
354 14.573 sec 2097152
355 14.974 sec 2097152
356 14.344 sec 2097152
357 14.309 sec 2097152
358 14.525 sec 2097152
359 14.541 sec 2097152
360 14.612 sec 2097152
361 14.701 sec 2097152
362 14.708 sec 2097152
363 14.750 sec 2097152
364 14.810 sec 2097152
365 15.500 sec 2097152
366 15.304 sec 2097152
367 15.138 sec 2097152
368 15.723 sec 2097152
369 15.123 sec 2097152
370 15.357 sec 2097152
371 15.759 sec 2097152
372 15.301 sec 2097152
373 15.860 sec 2097152
374 15.965 sec 2097152
375 15.589 sec 2097152
376 15.836 sec 2097152
377 16.121 sec 2097152
378 15.777 sec 2097152
379 15.524 sec 2097152
380 15.884 sec 2097152
381 15.734 sec 2097152
382 16.001 sec 2097152
383 16.204 sec 2097152
384 16.419 sec 2097152
385 16.213 sec 2097152
386 15.646 sec 2097152
387 15.445 sec 2097152
388 15.442 sec 2097152
389 15.374 sec 2097152
390 15.407 sec 2097152
391 14.989 sec 2097152
392 14.612 sec 2097152
393 14.718 sec 2097152
394 14.654 sec 2097152
395 14.885 sec 2097152
396 15.098 sec 2097152
397 14.783 sec 2097152
398 14.624 sec 2097152
399 14.687 sec 2097152
400 14.565 sec 2097152
401 14.657 sec 2097152
402 14.666 sec 2097152
403 14.369 sec 2097152
404 14.790 sec 2097152
405 14.668 sec 2097152
406 14.826 sec 2097152
407 14.303 sec 2097152
408 14.414 sec 2097152
409 14.042 sec 2097152
410 14.400 sec 2097152
411 14.361 sec 2097152
412 14.522 sec 2097152
413 14.258 sec 2097152
414 14.378 sec 2097152
415 14.634 sec 2097152
416 14.863 sec 2097152
417 14.498 sec 2097152
418 14.513 sec 2097152
419 14.599 sec 2097152
420 14.893 sec 2097152
421 14.503 sec 2097152
422 14.652 sec 2097152
423 14.660 sec 2097152
424 15.893 sec 2097152
425 14.871 sec 2097152
426 15.157 sec 2097152
427 14.906 sec 2097152
428 14.725 sec 2097152
429 14.804 sec 2097152
430 15.100 sec 2097152
431 15.423 sec 2097152
432 15.948 sec 2097152
433 16.385 sec 2097152
434 16.027 sec 2097152
435 16.109 sec 2097152
436 16.252 sec 2097152
437 15.950 sec 2097152
438 15.846 sec 2097152
439 16.389 sec 2097152
440 16.261 sec 2097152
441 17.113 sec 2097152
