1 219.81 msec 0
2 263.74 msec 0
3 267.31 msec 0
4 206.45 msec 0
5 218.02 msec 0
6 238.81 msec 0
7 238.34 msec 0
8 234.88 msec 0
9 224.42 msec 0
10 222.70 msec 0
11 228.38 msec 0
12 225.92 msec 0
13 217.79 msec 0
14 221.64 msec 0
15 222.64 msec 0
16 231.45 msec 0
17 227.00 msec 0
18 221.65 msec 0
19 226.23 msec 0
20 226.53 msec 0
21 216.01 msec 0
22 211.08 msec 0
23 220.03 msec 0
24 265.96 msec 0
25 229.23 msec 0
26 219.11 msec 0
27 234.95 msec 0
28 224.01 msec 0
29 232.93 msec 0
30 224.61 msec 0
31 215.73 msec 0
32 244.03 msec 0
33 228.91 msec 0
34 233.92 msec 0
35 287.01 msec 0
36 327.67 msec 0
37 336.59 msec 0
1 221.51 msec 0
2 205.34 msec 0
3 258.09 msec 0
4 244.84 msec 0
5 265.80 msec 0
6 320.36 msec 0
7 318.64 msec 0
8 322.12 msec 0
9 321.86 msec 0
10 312.98 msec 0
11 322.21 msec 0
12 345.99 msec 0
13 338.78 msec 0
14 319.74 msec 0
15 329.20 msec 0
16 332.06 msec 0
17 334.46 msec 0
18 350.16 msec 0
19 371.91 msec 0
20 321.77 msec 0
21 339.91 msec 0
22 329.19 msec 0
23 324.95 msec 0
24 334.82 msec 0
25 335.77 msec 0
26 325.28 msec 0
27 406.92 msec 0
28 368.43 msec 0
29 351.81 msec 0
30 361.67 msec 0
31 353.07 msec 0
32 349.33 msec 0
33 352.86 msec 0
34 359.59 msec 0
35 372.77 msec 0
36 357.15 msec 0
37 390.75 msec 0
38 383.32 msec 0
39 365.95 msec 0
40 369.07 msec 0
41 369.44 msec 0
42 374.59 msec 0
43 380.02 msec 0
44 380.33 msec 0
45 374.71 msec 0
46 371.77 msec 0
47 341.21 msec 0
48 323.97 msec 0
49 331.70 msec 0
50 330.67 msec 0
51 218.43 msec 0
52 346.52 msec 0
53 329.58 msec 0
54 333.90 msec 0
55 332.03 msec 0
56 328.51 msec 0
57 333.26 msec 0
58 323.23 msec 0
59 335.31 msec 0
60 327.73 msec 0
61 330.02 msec 0
62 327.52 msec 0
63 330.74 msec 0
64 345.85 msec 0
65 332.07 msec 0
66 331.06 msec 0
67 328.18 msec 0
68 336.88 msec 0
69 332.31 msec 0
70 334.76 msec 0
71 329.00 msec 0
72 338.51 msec 0
73 337.65 msec 0
74 323.58 msec 0
75 331.31 msec 0
76 368.15 msec 0
77 320.85 msec 0
78 322.27 msec 0
79 332.76 msec 0
80 328.96 msec 0
81 330.73 msec 0
82 327.58 msec 0
83 224.17 msec 0
84 324.91 msec 0
85 327.58 msec 0
86 328.89 msec 0
87 337.37 msec 0
88 222.01 msec 0
89 331.92 msec 0
90 344.62 msec 0
91 347.95 msec 0
92 326.90 msec 0
93 335.56 msec 0
94 318.96 msec 0
95 336.37 msec 0
96 332.17 msec 0
97 337.12 msec 0
98 352.95 msec 0
99 324.25 msec 0
100 330.21 msec 0
101 264.20 msec 0
102 216.91 msec 0
103 238.64 msec 0
104 211.76 msec 0
105 310.03 msec 0
106 353.96 msec 0
107 332.19 msec 0
108 326.57 msec 0
109 328.87 msec 0
110 325.41 msec 0
111 382.71 msec 0
112 252.77 msec 0
113 329.83 msec 0
114 328.66 msec 0
115 334.86 msec 0
116 322.08 msec 0
117 332.88 msec 0
118 329.56 msec 0
119 331.05 msec 0
120 333.86 msec 0
121 335.42 msec 0
122 334.16 msec 0
123 278.23 msec 0
124 283.55 msec 0
125 251.40 msec 0
126 324.59 msec 0
127 327.46 msec 0
128 332.08 msec 0
129 333.83 msec 0
130 330.81 msec 0
131 334.52 msec 0
132 327.91 msec 0
133 337.30 msec 0
134 320.11 msec 0
135 330.01 msec 0
136 290.12 msec 0
137 341.61 msec 0
138 331.95 msec 0
139 329.49 msec 0
140 332.71 msec 0
141 340.84 msec 0
142 341.33 msec 0
143 333.51 msec 0
144 333.45 msec 0
145 326.93 msec 0
146 315.89 msec 0
147 335.57 msec 0
148 330.00 msec 0
149 217.18 msec 0
150 335.35 msec 0
151 219.45 msec 0
152 317.37 msec 0
153 337.22 msec 0
154 334.28 msec 0
155 332.59 msec 0
156 332.77 msec 0
157 332.57 msec 0
158 327.39 msec 0
159 325.55 msec 0
160 325.54 msec 0
161 335.56 msec 0
162 330.69 msec 0
163 213.88 msec 0
164 324.26 msec 0
165 324.88 msec 0
166 325.83 msec 0
167 328.62 msec 0
168 320.30 msec 0
169 322.78 msec 0
170 211.40 msec 0
171 225.03 msec 0
172 379.70 msec 0
173 337.46 msec 0
174 321.10 msec 0
175 232.89 msec 0
176 305.20 msec 0
177 213.90 msec 0
178 223.74 msec 0
179 324.90 msec 0
180 324.30 msec 0
181 343.41 msec 0
182 324.19 msec 0
183 326.42 msec 0
184 320.98 msec 0
185 300.49 msec 0
186 327.60 msec 0
187 334.09 msec 0
188 222.70 msec 0
189 286.64 msec 0
190 270.75 msec 0
191 212.77 msec 0
192 336.36 msec 0
193 322.77 msec 0
194 331.85 msec 0
195 327.05 msec 0
196 332.33 msec 0
197 328.76 msec 0
198 333.40 msec 0
199 322.88 msec 0
200 322.16 msec 0
201 224.68 msec 0
202 338.84 msec 0
203 334.64 msec 0
204 332.51 msec 0
205 345.36 msec 0
206 328.46 msec 0
207 322.91 msec 0
208 339.72 msec 0
209 262.91 msec 0
210 321.77 msec 0
211 328.77 msec 0
212 322.98 msec 0
213 329.72 msec 0
214 325.93 msec 0
215 332.95 msec 0
216 340.30 msec 0
217 330.16 msec 0
218 287.92 msec 0
219 329.81 msec 0
220 359.32 msec 0
221 327.21 msec 0
222 369.01 msec 0
223 265.73 msec 0
224 219.60 msec 0
225 230.31 msec 0
226 219.61 msec 0
227 210.50 msec 0
228 324.05 msec 0
229 225.18 msec 0
230 303.62 msec 0
231 305.44 msec 0
232 335.58 msec 0
233 331.77 msec 0
234 221.07 msec 0
235 224.09 msec 0
236 229.36 msec 0
237 221.66 msec 0
238 221.29 msec 0
239 223.49 msec 0
240 249.33 msec 0
241 234.47 msec 0
242 342.41 msec 0
243 329.78 msec 0
244 327.44 msec 0
245 330.58 msec 0
246 360.13 msec 0
247 335.08 msec 0
248 332.39 msec 0
249 332.42 msec 0
250 329.66 msec 0
251 215.75 msec 0
252 328.90 msec 0
253 329.97 msec 0
254 329.89 msec 0
255 331.98 msec 0
256 341.38 msec 0
257 336.18 msec 0
258 326.44 msec 0
259 339.92 msec 0
260 369.05 msec 0
261 226.33 msec 0
262 359.96 msec 0
263 322.80 msec 0
264 327.41 msec 0
265 337.24 msec 0
266 328.72 msec 0
267 262.19 msec 0
268 225.75 msec 0
269 226.21 msec 0
270 277.64 msec 0
271 325.06 msec 0
272 290.68 msec 0
273 336.30 msec 0
274 342.18 msec 0
275 334.72 msec 0
276 327.58 msec 0
277 330.82 msec 0
278 338.34 msec 0
279 328.31 msec 0
280 333.21 msec 0
281 335.00 msec 0
282 324.25 msec 0
283 325.67 msec 0
284 316.95 msec 0
285 331.64 msec 0
286 346.07 msec 0
287 338.24 msec 0
288 332.14 msec 0
289 331.85 msec 0
290 344.23 msec 0
291 345.75 msec 0
292 348.38 msec 0
293 326.91 msec 0
294 364.40 msec 0
295 323.45 msec 0
296 329.68 msec 0
297 339.44 msec 0
298 332.86 msec 0
299 328.35 msec 0
300 319.48 msec 0
301 219.38 msec 0
302 213.49 msec 0
303 224.64 msec 0
304 287.79 msec 0
305 353.77 msec 0
306 250.03 msec 0
307 331.89 msec 0
308 332.76 msec 0
309 367.36 msec 0
310 328.58 msec 0
311 327.05 msec 0
312 279.81 msec 0
313 350.50 msec 0
314 327.17 msec 0
315 337.25 msec 0
316 326.02 msec 0
317 328.81 msec 0
318 329.14 msec 0
319 329.88 msec 0
320 326.21 msec 0
321 329.37 msec 0
322 329.51 msec 0
323 340.39 msec 0
324 331.10 msec 0
325 328.94 msec 0
326 246.43 msec 0
327 334.67 msec 0
328 331.81 msec 0
329 334.66 msec 0
330 333.35 msec 0
331 332.97 msec 0
332 342.06 msec 0
333 334.65 msec 0
334 246.12 msec 0
335 334.64 msec 0
336 216.36 msec 0
337 363.99 msec 0
338 331.10 msec 0
339 325.98 msec 0
340 325.37 msec 0
341 337.91 msec 0
342 329.03 msec 0
343 265.37 msec 0
344 220.29 msec 0
345 331.08 msec 0
346 326.91 msec 0
347 328.06 msec 0
348 330.85 msec 0
349 324.21 msec 0
350 223.41 msec 0
351 279.26 msec 0
352 313.62 msec 0
353 330.03 msec 0
354 326.93 msec 0
355 330.60 msec 0
356 330.67 msec 0
357 330.94 msec 0
358 332.14 msec 0
359 324.75 msec 0
360 322.36 msec 0
361 280.75 msec 0
362 330.93 msec 0
363 334.31 msec 0
364 331.51 msec 0
365 354.06 msec 0
366 327.13 msec 0
367 313.42 msec 0
368 305.21 msec 0
369 333.80 msec 0
370 338.83 msec 0
371 225.88 msec 0
372 323.95 msec 0
373 332.16 msec 0
374 328.00 msec 0
375 327.09 msec 0
376 325.61 msec 0
377 222.99 msec 0
378 326.57 msec 0
379 322.60 msec 0
380 331.24 msec 0
381 340.43 msec 0
382 343.44 msec 0
383 332.53 msec 0
384 334.81 msec 0
385 326.74 msec 0
386 331.61 msec 0
387 328.42 msec 0
388 221.28 msec 0
389 316.53 msec 0
390 333.46 msec 0
391 330.20 msec 0
392 319.68 msec 0
393 331.04 msec 0
394 323.05 msec 0
395 327.45 msec 0
396 326.80 msec 0
397 338.12 msec 0
398 327.98 msec 0
399 327.97 msec 0
400 326.47 msec 0
