1 86.33 msec 0
2 91.86 msec 0
3 65.19 msec 0
4 75.71 msec 0
5 84.31 msec 0
6 79.66 msec 0
7 92.83 msec 0
8 77.96 msec 0
9 70.23 msec 0
10 77.50 msec 0
11 94.39 msec 0
12 89.15 msec 0
13 82.02 msec 0
14 76.85 msec 0
15 78.97 msec 0
16 83.40 msec 0
17 81.86 msec 0
18 74.06 msec 0
19 66.57 msec 0
20 75.51 msec 0
21 75.64 msec 0
22 73.77 msec 0
23 77.87 msec 0
24 76.13 msec 0
25 74.81 msec 0
26 75.69 msec 0
27 77.64 msec 0
28 74.67 msec 0
29 77.26 msec 0
30 73.71 msec 0
31 76.45 msec 0
32 80.77 msec 0
33 67.52 msec 0
34 78.87 msec 0
35 76.90 msec 0
36 79.44 msec 0
37 74.90 msec 0
38 75.03 msec 0
39 74.92 msec 0
40 75.26 msec 0
41 77.40 msec 0
42 74.08 msec 0
43 79.97 msec 0
44 85.89 msec 0
45 72.11 msec 0
46 75.57 msec 0
47 75.02 msec 0
48 74.96 msec 0
49 77.03 msec 0
50 81.49 msec 0
51 77.43 msec 0
52 83.60 msec 0
53 62.91 msec 0
54 73.34 msec 0
55 75.27 msec 0
56 73.95 msec 0
57 74.93 msec 0
58 76.74 msec 0
59 79.83 msec 0
60 115.85 msec 0
61 109.14 msec 0
62 73.18 msec 0
63 77.00 msec 0
64 75.13 msec 0
65 76.00 msec 0
66 63.12 msec 0
67 77.19 msec 0
68 74.56 msec 0
69 80.67 msec 0
70 76.05 msec 0
71 74.11 msec 0
72 74.48 msec 0
73 63.15 msec 0
74 76.34 msec 0
75 76.28 msec 0
76 73.33 msec 0
77 82.11 msec 0
78 99.39 msec 0
79 114.89 msec 0
80 112.77 msec 0
81 119.91 msec 0
82 103.04 msec 0
83 114.70 msec 0
84 80.50 msec 0
85 75.79 msec 0
86 82.66 msec 0
87 65.70 msec 0
88 74.98 msec 0
89 81.04 msec 0
90 77.49 msec 0
91 77.00 msec 0
92 80.48 msec 0
93 74.19 msec 0
94 66.90 msec 0
95 75.49 msec 0
96 76.01 msec 0
97 75.13 msec 0
98 76.11 msec 0
99 81.89 msec 0
100 75.15 msec 0
101 74.19 msec 0
102 76.27 msec 0
103 81.59 msec 0
104 65.63 msec 0
105 73.79 msec 0
106 75.32 msec 0
107 75.15 msec 0
108 74.75 msec 0
109 77.69 msec 0
110 74.38 msec 0
111 75.29 msec 0
112 76.59 msec 0
113 81.51 msec 0
114 74.89 msec 0
115 76.08 msec 0
116 75.87 msec 0
117 75.32 msec 0
118 83.49 msec 0
119 76.21 msec 0
120 82.08 msec 0
121 76.15 msec 0
122 78.59 msec 0
123 75.92 msec 0
124 61.75 msec 0
125 63.08 msec 0
126 62.40 msec 0
127 105.86 msec 0
128 75.61 msec 0
129 76.06 msec 0
130 74.04 msec 0
131 75.20 msec 0
132 63.07 msec 0
133 78.09 msec 0
134 72.53 msec 0
135 75.70 msec 0
136 74.93 msec 0
137 71.63 msec 0
138 64.86 msec 0
139 76.43 msec 0
140 74.78 msec 0
141 62.92 msec 0
142 74.49 msec 0
143 73.92 msec 0
144 74.44 msec 0
145 75.95 msec 0
146 75.48 msec 0
147 75.15 msec 0
148 62.74 msec 0
149 80.29 msec 0
150 77.90 msec 0
151 74.99 msec 0
152 63.15 msec 0
153 74.88 msec 0
154 75.68 msec 0
155 64.67 msec 0
156 75.87 msec 0
157 64.65 msec 0
158 78.74 msec 0
159 63.17 msec 0
160 78.76 msec 0
161 62.16 msec 0
162 76.56 msec 0
163 67.22 msec 0
164 75.60 msec 0
165 68.15 msec 0
166 74.38 msec 0
167 72.59 msec 0
168 74.84 msec 0
169 77.71 msec 0
170 74.74 msec 0
171 74.97 msec 0
172 63.99 msec 0
173 62.48 msec 0
174 76.24 msec 0
175 74.87 msec 0
176 76.99 msec 0
177 74.98 msec 0
178 77.05 msec 0
179 74.06 msec 0
180 70.42 msec 0
181 75.06 msec 0
182 74.39 msec 0
183 73.97 msec 0
184 75.37 msec 0
185 63.82 msec 0
186 72.98 msec 0
187 75.79 msec 0
188 76.21 msec 0
189 76.17 msec 0
190 79.66 msec 0
191 74.87 msec 0
192 62.21 msec 0
193 73.20 msec 0
194 77.45 msec 0
195 76.81 msec 0
196 76.77 msec 0
197 84.84 msec 0
198 74.20 msec 0
199 75.42 msec 0
200 74.18 msec 0
201 74.37 msec 0
202 63.23 msec 0
203 77.75 msec 0
204 74.87 msec 0
205 73.69 msec 0
206 76.17 msec 0
207 75.38 msec 0
208 72.73 msec 0
209 64.75 msec 0
210 75.57 msec 0
211 75.14 msec 0
212 73.91 msec 0
213 75.74 msec 0
214 76.83 msec 0
215 75.95 msec 0
216 75.00 msec 0
217 75.15 msec 0
218 78.34 msec 0
219 64.49 msec 0
220 76.94 msec 0
221 72.15 msec 0
222 67.02 msec 0
223 62.94 msec 0
224 75.48 msec 0
225 77.67 msec 0
226 81.41 msec 0
227 75.40 msec 0
228 75.36 msec 0
229 82.12 msec 0
230 62.15 msec 0
231 76.98 msec 0
232 74.41 msec 0
233 78.48 msec 0
234 76.33 msec 0
235 74.91 msec 0
236 75.04 msec 0
237 78.94 msec 0
238 75.03 msec 0
239 75.57 msec 0
240 75.37 msec 0
241 62.68 msec 0
242 76.05 msec 0
243 75.68 msec 0
244 75.73 msec 0
245 75.41 msec 0
246 72.76 msec 0
247 77.94 msec 0
248 78.01 msec 0
249 62.47 msec 0
250 75.29 msec 0
251 77.05 msec 0
252 74.13 msec 0
253 75.00 msec 0
254 75.98 msec 0
255 78.09 msec 0
256 74.53 msec 0
257 75.80 msec 0
258 62.97 msec 0
259 74.36 msec 0
260 75.82 msec 0
261 75.55 msec 0
262 79.76 msec 0
263 82.73 msec 0
264 78.01 msec 0
265 77.76 msec 0
266 81.77 msec 0
267 75.32 msec 0
268 75.80 msec 0
269 75.33 msec 0
270 74.92 msec 0
271 75.86 msec 0
272 62.65 msec 0
273 77.98 msec 0
274 79.38 msec 0
275 80.82 msec 0
276 73.33 msec 0
277 75.79 msec 0
278 63.81 msec 0
279 75.70 msec 0
280 64.45 msec 0
281 82.49 msec 0
282 75.60 msec 0
283 81.55 msec 0
284 72.80 msec 0
285 62.25 msec 0
286 64.35 msec 0
287 75.20 msec 0
288 72.98 msec 0
289 75.30 msec 0
290 71.91 msec 0
291 75.80 msec 0
292 74.77 msec 0
293 73.35 msec 0
294 75.08 msec 0
295 76.45 msec 0
296 75.96 msec 0
297 73.96 msec 0
298 77.01 msec 0
299 61.93 msec 0
300 164.94 msec 0
301 120.31 msec 0
302 115.58 msec 0
303 120.12 msec 0
304 112.55 msec 0
305 112.13 msec 0
306 110.43 msec 0
307 117.65 msec 0
308 118.91 msec 0
309 113.26 msec 0
310 111.73 msec 0
311 111.37 msec 0
312 115.43 msec 0
313 114.14 msec 0
314 111.22 msec 0
315 112.14 msec 0
316 112.57 msec 0
317 108.84 msec 0
318 104.46 msec 0
319 110.76 msec 0
320 108.27 msec 0
321 117.79 msec 0
322 108.85 msec 0
323 105.35 msec 0
324 115.91 msec 0
325 114.50 msec 0
326 112.03 msec 0
327 106.99 msec 0
328 118.15 msec 0
329 107.40 msec 0
330 101.52 msec 0
331 113.08 msec 0
332 113.95 msec 0
333 111.01 msec 0
334 113.86 msec 0
335 115.67 msec 0
336 110.82 msec 0
337 137.04 msec 0
338 110.96 msec 0
339 114.24 msec 0
340 113.30 msec 0
341 100.46 msec 0
342 108.26 msec 0
343 108.23 msec 0
344 116.53 msec 0
345 123.65 msec 0
346 109.03 msec 0
347 102.32 msec 0
348 110.69 msec 0
349 118.36 msec 0
350 104.62 msec 0
351 112.05 msec 0
352 128.74 msec 0
353 113.27 msec 0
354 112.35 msec 0
355 114.59 msec 0
356 116.26 msec 0
357 114.31 msec 0
358 102.20 msec 0
359 110.40 msec 0
360 117.62 msec 0
361 115.51 msec 0
362 120.39 msec 0
363 113.26 msec 0
364 110.35 msec 0
365 113.58 msec 0
366 112.14 msec 0
367 111.95 msec 0
368 107.72 msec 0
369 121.17 msec 0
370 77.39 msec 0
371 64.37 msec 0
372 75.14 msec 0
373 74.77 msec 0
374 76.23 msec 0
375 75.69 msec 0
376 75.36 msec 0
377 74.31 msec 0
378 77.07 msec 0
379 75.66 msec 0
380 70.77 msec 0
381 77.50 msec 0
382 74.76 msec 0
383 81.44 msec 0
384 74.25 msec 0
385 62.79 msec 0
386 74.73 msec 0
387 71.78 msec 0
388 73.14 msec 0
389 75.54 msec 0
390 76.92 msec 0
391 75.49 msec 0
392 73.24 msec 0
393 76.71 msec 0
394 77.31 msec 0
395 77.35 msec 0
396 61.84 msec 0
397 75.10 msec 0
398 76.62 msec 0
399 76.32 msec 0
400 76.70 msec 0
