0 0 0
1 6.24005 3101
2 5.6951 3315
3 4.90421 3264
4 4.09182 2973
5 3.39931 2705
6 2.87287 2421
7 2.48936 2340
8 2.40549 3520
9 2.44246 3371
10 2.33666 2507
11 2.21513 1697
12 2.17518 1338
13 2.13414 1070
14 2.14707 891
15 2.18646 810
16 2.2114 774
17 2.29504 762
18 2.40169 763
19 2.46888 753
20 2.42639 759
21 2.50565 750
22 2.61674 757
23 2.70232 749
24 2.79369 753
25 2.94802 755
26 3.09332 776
27 3.22862 793
28 3.37551 815
29 3.54681 836
30 3.70515 850
31 3.87144 866
32 4.06779 897
33 4.2585 987
34 4.38684 1143
35 4.47814 1327
36 4.59143 1633
37 4.82526 2211
38 5.19732 2842
39 5.60197 3341
40 5.98093 3978
41 6.43963 4193
42 7.04351 4377
43 7.61039 4517
44 8.03376 4566
45 8.4075 4664
46 9.02155 4972
47 9.9439 5407
48 11.0214 5691
49 12.1839 6187
50 13.5809 7004
51 14.9817 7499
52 16.0633 7849
53 17.0365 8180
54 18.4756 8470
55 20.2008 8657
56 21.4611 8659
57 21.9717 8601
58 22.0185 8371
59 21.7922 8081
60 21.4042 7770
61 20.8658 7440
62 20.0892 7077
63 19.0142 6662
64 17.7265 6231
65 16.3845 5794
66 15.1735 5383
67 14.2635 4982
68 13.6791 4591
69 13.3094 4206
70 13.0069 3905
71 12.6803 3644
72 12.2953 3392
73 11.8292 3156
74 11.2815 2942
75 10.6802 2715
76 10.0936 2503
77 9.56694 2287
78 9.08542 2055
79 8.63047 1873
80 8.14558 1771
81 7.6441 1661
82 7.15833 1555
83 6.71481 1447
84 6.30942 1333
85 5.93251 1223
86 5.64753 1154
87 5.43656 1092
88 5.26212 1032
89 5.08162 984
90 4.87519 938
91 4.66201 887
92 4.48131 837
93 4.35152 791
94 4.26656 751
95 4.19264 731
96 4.10075 705
97 3.98249 696
98 3.83831 685
99 3.67257 673
100 3.52265 662
101 3.39299 650
102 3.29754 637
103 3.25039 631
104 3.24656 621
105 3.26517 609
106 3.29673 591
107 3.31236 569
108 3.26486 539
109 3.13588 502
110 2.88899 456
111 2.44186 405
112 1.7116 348
113 0.959609 278
114 0.459816 194
115 0.163731 99
116 0.024634 53
117 0.000207089 7
118 0 0
119 0 0
120 0 0
121 0 0
122 0 0
123 0 0
124 0 0
125 0 0
126 0 0
127 0 0
128 0 0
129 0 0
130 0 0
131 0 0
132 0 0
133 0 0
134 0 0
135 0 0
136 0 0
137 0 0
138 0 0
139 0 0
140 0 0
141 0 0
142 0 0
143 0 0
144 0 0
145 0 0
146 0 0
147 0 0
148 0 0
149 0 0
150 0 0
151 0 0
152 0 0
153 0 0
154 0 0
155 0 0
156 0 0
157 0 0
158 0 0
159 0 0
160 0 0
161 0 0
162 0 0
163 0 0
164 0 0
165 0 0
166 0 0
167 0 0
168 0 0
169 0 0
170 0 0
171 0 0
172 0 0
173 0 0
174 0 0
175 0 0
176 0 0
177 0 0
178 0 0
179 0 0
180 0 0
181 0 0
182 0 0
183 0 0
184 0 0
185 0 0
186 0 0
187 0 0
188 0 0
189 0 0
190 0 0
191 0 0
