0 0 0
1 0 0
2 0.192485 988
3 2.44249 3882
4 5.60588 4082
5 8.3158 4075
6 10.3967 4034
7 11.6986 3927
8 12.079 3749
9 11.4751 3453
10 10.0561 2940
11 8.28487 2322
12 6.72295 1795
13 5.75183 1292
14 5.3586 818
15 5.37937 565
16 5.54707 521
17 5.71663 520
18 5.86839 518
19 6.00282 518
20 6.12294 514
21 6.22385 511
22 6.28843 509
23 6.29822 509
24 6.26526 506
25 6.21719 498
26 6.1694 489
27 6.09761 477
28 5.98066 469
29 5.82263 461
30 5.6303 453
31 5.40739 434
32 5.16423 416
33 4.91894 397
34 4.64523 384
35 4.35547 364
36 4.0675 348
37 3.76122 331
38 3.42457 314
39 3.10044 284
40 2.8004 265
41 2.50351 245
42 2.22245 218
43 1.94192 192
44 1.34041 170
45 0.72015 141
46 0.292533 121
47 0.0853197 104
48 0.0112488 31
49 0.00121181 4
50 0 0
51 0 0
52 0 0
53 0 0
54 0 0
55 0 0
56 0 0
57 0 0
58 0 0
59 0 0
60 0 0
61 0 0
62 0 0
63 0 0
