0 0 0
1 0 0
2 0.192127 986
3 2.43585 3858
4 5.53345 3977
5 8.01137 3809
6 9.60959 3487
7 9.88382 2945
8 8.8692 2227
9 7.09698 1494
10 5.41513 948
11 4.48378 607
12 4.57178 524
13 4.8403 520
14 5.08347 519
15 5.28903 518
16 5.44781 514
17 5.55557 508
18 5.57454 498
19 5.60336 481
20 5.59418 469
21 5.46471 453
22 5.25765 428
23 4.94891 398
24 4.57657 365
25 4.14583 329
26 3.62845 299
27 2.9872 261
28 2.35205 206
29 1.78171 148
30 1.14472 111
31 0.694936 64
32 0.401241 33
33 0.17712 21
34 0.0607447 12
35 0.00188561 4
36 0 0
37 0 0
38 0 0
39 0 0
40 0 0
41 0 0
42 0 0
43 0 0
44 0 0
45 0 0
46 0 0
47 0 0
48 0 0
49 0 0
50 0 0
51 0 0
52 0 0
53 0 0
54 0 0
55 0 0
56 0 0
57 0 0
58 0 0
59 0 0
60 0 0
61 0 0
62 0 0
63 0 0
