0 0 0
1 0 0
2 0.155186 789
3 1.50468 2400
4 2.12424 1532
5 1.8492 703
6 2.18112 520
7 2.67051 518
8 3.08417 511
9 3.37344 487
10 3.58623 464
11 3.58287 421
12 3.31805 356
13 2.8479 277
14 2.02725 187
15 1.14885 111
16 0.436456 39
17 0.0867963 11
18 0 0
19 0 0
20 0 0
21 0 0
22 0 0
23 0 0
24 0 0
25 0 0
26 0 0
27 0 0
28 0 0
29 0 0
30 0 0
31 0 0
32 0 0
33 0 0
34 0 0
35 0 0
36 0 0
37 0 0
38 0 0
39 0 0
40 0 0
41 0 0
42 0 0
43 0 0
44 0 0
45 0 0
46 0 0
47 0 0
48 0 0
49 0 0
50 0 0
51 0 0
52 0 0
53 0 0
54 0 0
55 0 0
56 0 0
57 0 0
58 0 0
59 0 0
60 0 0
61 0 0
62 0 0
63 0 0
