0 0 0
1 0 0
2 0.192197 986
3 2.43163 3867
4 5.54158 4047
5 8.09811 3982
6 9.88993 3847
7 10.7291 3608
8 10.4625 3312
9 9.27287 2776
10 7.63048 2095
11 6.11283 1389
12 5.18252 862
13 4.95688 576
14 5.14283 523
15 5.36513 520
16 5.55876 518
17 5.73057 518
18 5.88836 514
19 6.0372 511
20 6.17439 509
21 6.27221 507
22 6.29988 506
23 6.23447 496
24 6.22846 477
25 6.22338 469
26 6.20107 461
27 6.0688 451
28 5.9029 432
29 5.73262 416
30 5.53123 398
31 5.2774 381
32 5.02387 354
33 4.81387 332
34 4.46252 315
35 4.18567 284
36 3.91008 264
37 3.41354 242
38 3.03965 206
39 2.67548 180
40 2.31341 154
41 1.95729 132
42 1.49866 111
43 1.08351 80
44 0.252625 56
45 0.0439939 31
46 0.00491195 4
47 0 0
48 0 0
49 0 0
50 0 0
51 0 0
52 0 0
53 0 0
54 0 0
55 0 0
56 0 0
57 0 0
58 0 0
59 0 0
60 0 0
61 0 0
62 0 0
63 0 0
