0 0.0363314
1 6.5416e+11
2 2.32484e+12
3 1.21947e+12
4 4.30026e+11
5 4.38917e+11
6 3.28121e+11
7 2.44181e+11
8 2.10639e+11
9 2.4496e+11
10 2.07613e+11
11 1.66626e+11
12 1.49836e+11
13 9.79927e+10
14 7.45231e+10
15 7.53751e+10
16 6.37508e+10
17 5.58901e+10
18 5.17314e+10
19 4.41611e+10
20 3.89379e+10
21 3.49699e+10
22 2.97823e+10
23 2.78678e+10
24 2.58068e+10
25 2.27723e+10
26 1.83722e+10
27 1.89181e+10
28 1.59732e+10
29 1.41856e+10
30 1.33176e+10
31 1.2595e+10
32 1.1119e+10
33 9.28645e+09
34 8.32767e+09
35 7.61583e+09
36 6.44498e+09
37 5.79318e+09
38 5.33797e+09
39 5.19701e+09
40 4.27386e+09
41 4.0186e+09
42 3.9139e+09
43 3.54732e+09
44 3.20489e+09
45 2.99108e+09
46 2.95854e+09
47 2.74187e+09
48 2.50843e+09
49 2.44204e+09
50 2.23084e+09
51 2.0779e+09
52 1.91072e+09
53 1.84304e+09
54 1.68037e+09
55 1.59067e+09
56 1.54e+09
57 1.47108e+09
58 1.41305e+09
59 1.33518e+09
60 1.31593e+09
61 1.28614e+09
62 1.18964e+09
63 1.17691e+09
64 1.11823e+09
65 1.12692e+09
66 1.05185e+09
67 1.05806e+09
68 1.03728e+09
69 1.01083e+09
70 9.78003e+08
71 9.75807e+08
72 9.34291e+08
73 9.28845e+08
74 9.10461e+08
75 9.03137e+08
76 8.74449e+08
77 8.69988e+08
78 8.59654e+08
79 8.48147e+08
80 8.39821e+08
81 8.38468e+08
82 8.297e+08
83 8.20173e+08
84 8.18788e+08
85 8.10102e+08
86 8.02799e+08
87 8.04142e+08
88 8.07996e+08
89 8.00506e+08
90 7.99227e+08
91 8.05262e+08
92 8.01479e+08
93 8.06255e+08
94 7.96925e+08
95 8.07106e+08
