0 0 0
1 1.40464 1088
2 0.934062 1021
3 0.791143 936
4 0.893235 902
5 1.28845 3158
6 4.34616 13523
7 8.81074 16336
8 12.2274 16384
9 13.7614 16384
10 12.8609 16360
11 9.47505 14516
12 5.50961 8381
13 3.68163 3105
14 3.19425 1557
15 3.06104 1134
16 3.09714 1047
17 3.32715 1160
18 3.77866 1319
19 4.3791 1435
20 4.95632 1489
21 5.36385 1523
22 5.56365 1556
23 5.60918 1588
24 5.6131 1610
25 5.64855 1604
26 5.73054 1590
27 5.84792 1557
28 5.98713 1542
29 6.1573 1536
30 6.32189 1552
31 6.48189 1561
32 6.6238 1565
33 6.76672 1745
34 6.94632 2075
35 7.28804 2950
36 7.7985 3629
37 8.39097 4120
38 8.91086 4387
39 9.29005 4516
40 9.51635 4561
41 9.58731 4518
42 9.5001 4423
43 9.2829 4300
44 8.98813 4158
45 8.66242 3971
46 8.32804 3804
47 7.99423 3623
48 7.63585 3460
49 7.29535 3283
50 7.0093 3118
51 6.80782 2933
52 6.66552 2798
53 6.55663 2697
54 6.54389 2626
55 6.74623 2583
56 7.25241 2560
57 7.91264 2539
58 8.44407 2541
59 8.65058 2529
60 8.56234 2507
61 8.16451 2474
62 7.65285 2431
63 7.16957 2373
64 6.62042 2326
65 5.93639 2273
66 5.20259 2206
67 4.46493 2135
68 3.76423 2045
69 3.21529 1953
70 2.76234 1836
71 2.31042 1707
72 1.87264 1564
73 1.48593 1404
74 1.16593 1253
75 0.905188 1099
76 0.692771 953
77 0.524653 834
78 0.401594 703
79 0.320349 583
80 0.272923 452
81 0.250689 337
82 0.241199 316
83 0.247659 308
84 0.287252 340
85 0.389529 445
86 0.561317 631
87 0.730567 761
88 0.797081 789
89 0.749311 751
90 0.637586 671
91 0.507383 570
92 0.390061 475
93 0.300311 383
94 0.238455 300
95 0.198423 246
96 0.171396 209
97 0.149721 183
98 0.12872 165
99 0.106772 141
100 0.0841278 114
101 0.0620212 93
102 0.0411904 70
103 0.0224123 45
104 0.00839215 24
105 0.00123568 7
106 0 0
107 0 0
108 0 0
109 0 0
110 0 0
111 0 0
112 0 0
113 0 0
114 0 0
115 0 0
116 0 0
117 0 0
118 0 0
119 0 0
120 0 0
121 0 0
122 0 0
123 0 0
124 0 0
125 0 0
126 0 0
127 0 0
