0 0 0
1 0.366899 400
2 0.219926 285
3 0.208767 313
4 0.171936 390
5 0.31039 472
6 0.457472 484
7 0.607684 494
8 0.776585 530
9 0.893917 540
10 0.920187 513
11 0.89319 464
12 0.827148 425
13 0.769718 393
14 0.690766 341
15 0.638536 336
16 0.610478 345
17 0.658319 348
18 0.712088 346
19 0.690975 309
20 0.635728 275
21 0.607344 265
22 0.528033 233
23 0.408634 181
24 0.369429 148
25 0.271225 117
26 0.135545 70
27 0.0708666 35
28 0.0310473 20
29 0.0345978 18
30 0.0283443 11
31 0.00375405 1
32 0 0
33 0 0
34 0 0
35 0 0
36 0 0
37 0 0
38 0 0
39 0 0
40 0 0
41 0 0
42 0 0
43 0 0
44 0 0
45 0 0
46 0 0
47 0 0
48 0 0
49 0 0
50 0 0
51 0 0
52 0 0
53 0 0
54 0 0
55 0 0
56 0 0
57 0 0
58 0 0
59 0 0
60 0 0
61 0 0
62 0 0
63 0 0
64 0 0
65 0 0
66 0 0
67 0 0
68 0 0
69 0 0
70 0 0
71 0 0
72 0 0
73 0 0
74 0 0
75 0 0
76 0 0
77 0 0
78 0 0
79 0 0
80 0 0
81 0 0
82 0 0
83 0 0
84 0 0
85 0 0
86 0 0
87 0 0
88 0 0
89 0 0
90 0 0
91 0 0
92 0 0
93 0 0
94 0 0
95 0 0
96 0 0
97 0 0
98 0 0
99 0 0
100 0 0
101 0 0
102 0 0
103 0 0
104 0 0
105 0 0
106 0 0
107 0 0
108 0 0
109 0 0
110 0 0
111 0 0
112 0 0
113 0 0
114 0 0
115 0 0
116 0 0
117 0 0
118 0 0
119 0 0
120 0 0
121 0 0
122 0 0
123 0 0
124 0 0
125 0 0
126 0 0
127 0 0
