0 0 0
1 0.813875 909
2 0.553733 420
3 0.797767 610
4 1.22022 900
5 1.91592 2719
6 5.17651 14640
7 10.6355 16384
8 15.617 16384
9 19.8302 16384
10 23.0078 16384
11 24.7972 16384
12 24.7668 16384
13 22.5751 16384
14 18.1977 16384
15 12.1215 14473
16 8.0476 7017
17 6.74473 3426
18 6.47777 2477
19 6.55338 2225
20 6.8491 2160
21 7.23352 2193
22 7.606 2228
23 7.92647 2259
24 8.17664 2284
25 8.32497 2302
26 8.34045 2298
27 8.24735 2297
28 8.09447 2286
29 7.93406 2293
30 7.85826 2301
31 7.8471 2316
32 7.82101 2349
33 7.7536 2390
34 7.6708 2430
35 7.6056 2509
36 7.55549 2684
37 7.60823 3379
38 7.88473 4060
39 8.30951 4690
40 8.76085 5167
41 9.15526 5403
42 9.47339 5532
43 9.7185 5588
44 9.87668 5578
45 9.958 5537
46 9.95621 5482
47 9.825 5375
48 9.5159 5243
49 9.04859 5093
50 8.51442 4929
51 7.97024 4706
52 7.42767 4461
53 6.90648 4185
54 6.41432 3974
55 5.96718 3767
56 5.58365 3602
57 5.27096 3424
58 5.00705 3263
59 4.76161 3124
60 4.51074 2976
61 4.23818 2825
62 3.93202 2688
63 3.60008 2549
64 3.25558 2421
65 2.89687 2283
66 2.52172 2155
67 2.12181 2033
68 1.69938 1924
69 1.33413 1830
70 1.13157 1734
71 1.0066 1639
72 0.903893 1545
73 0.814912 1441
74 0.735186 1351
75 0.661296 1247
76 0.591505 1151
77 0.524682 1049
78 0.46015 940
79 0.398541 838
80 0.342374 758
81 0.295507 671
82 0.260649 598
83 0.237069 533
84 0.219238 467
85 0.203417 431
86 0.188873 427
87 0.183117 441
88 0.191204 483
89 0.2101 525
90 0.231233 562
91 0.247278 578
92 0.252538 580
93 0.243225 564
94 0.219685 531
95 0.186145 487
96 0.150004 426
97 0.118731 353
98 0.0948254 291
99 0.0757191 243
100 0.0590202 198
101 0.0443112 156
102 0.0320519 120
103 0.0223726 93
104 0.0149894 73
105 0.00894926 51
106 0.00390975 32
107 0.000493377 10
108 0 0
109 0 0
110 0 0
111 0 0
112 0 0
113 0 0
114 0 0
115 0 0
116 0 0
117 0 0
118 0 0
119 0 0
120 0 0
121 0 0
122 0 0
123 0 0
124 0 0
125 0 0
126 0 0
127 0 0
