0 0 0
1 0.836209 879
2 0.452682 769
3 0.299915 650
4 0.360143 625
5 0.601917 1494
6 2.61776 13046
7 7.78275 16384
8 12.874 16384
9 17.678 16384
10 22.0324 16384
11 25.7502 16384
12 28.6092 16384
13 30.3553 16384
14 30.7279 16384
15 29.4589 16384
16 26.4092 16384
17 21.7151 16384
18 15.82 16384
19 10.4311 10433
20 8.54342 5228
21 8.4551 3316
22 8.81308 2832
23 9.21916 2749
24 9.66131 2810
25 10.1483 2876
26 10.6306 2937
27 11.0345 2992
28 11.3426 3015
29 11.6218 3055
30 11.9119 3093
31 12.2122 3136
32 12.526 3190
33 12.7983 3235
34 13.0017 3280
35 13.157 3333
36 13.2883 3380
37 13.3865 3445
38 13.4382 3599
39 13.4973 4082
40 13.683 4759
41 13.9497 5474
42 14.1324 6071
43 14.0473 6391
44 13.6809 6621
45 13.1141 6792
46 12.3555 6895
47 11.4715 6950
48 10.7301 6952
49 10.0088 6904
50 9.2664 6830
51 8.55963 6731
52 7.89628 6589
53 7.27518 6397
54 6.70913 6149
55 6.21499 5860
56 5.79999 5504
57 5.45911 5137
58 5.2214 4792
59 5.09696 4450
60 5.03857 4151
61 5.01364 3859
62 5.01881 3592
63 5.04115 3343
64 5.04379 3123
65 4.96455 2936
66 4.70926 2771
67 4.23752 2627
68 3.61198 2482
69 2.92628 2361
70 2.21562 2228
71 1.55854 2110
72 1.2318 2010
73 1.02183 1908
74 0.83617 1796
75 0.686386 1687
76 0.577047 1583
77 0.4942 1474
78 0.422612 1356
79 0.357005 1239
80 0.299922 1124
81 0.253616 1006
82 0.217124 889
83 0.188634 795
84 0.166832 720
85 0.151406 669
86 0.141023 615
87 0.13276 548
88 0.125425 511
89 0.118157 510
90 0.114451 526
91 0.115124 548
92 0.118237 570
93 0.120088 582
94 0.116866 581
95 0.107075 562
96 0.0916445 526
97 0.0725949 481
98 0.0526963 414
99 0.035357 339
100 0.0225993 257
101 0.0139677 187
102 0.00818546 134
103 0.00440767 88
104 0.00216287 47
105 0.00089443 27
106 0.00021509 11
107 0 0
108 0 0
109 0 0
110 0 0
111 0 0
112 0 0
113 0 0
114 0 0
115 0 0
116 0 0
117 0 0
118 0 0
119 0 0
120 0 0
121 0 0
122 0 0
123 0 0
124 0 0
125 0 0
126 0 0
127 0 0
