0 0 0
1 5.93809 3327
2 4.96456 3180
3 2.91626 2644
4 1.69521 1891
5 1.38793 1362
6 1.44149 1397
7 1.87878 4206
8 5.1734 24720
9 12.2196 32390
10 20.0375 36815
11 27.5116 36864
12 33.8391 36864
13 38.4796 36864
14 40.8323 36864
15 40.3047 36864
16 36.4134 36864
17 28.9489 36826
18 19.3637 29411
19 12.3858 14864
20 10.2273 5636
21 10.0119 3343
22 10.1384 2699
23 10.2451 2486
24 10.3063 2393
25 10.5059 2366
26 10.8484 2369
27 11.1112 2339
28 11.1099 2296
29 10.9122 2243
30 10.7954 2225
31 10.7789 2209
32 10.7597 2253
33 10.778 2297
34 10.9492 2444
35 11.2718 2556
36 11.594 2609
37 11.8056 2653
38 12.0803 2707
39 12.537 2766
40 13.0161 2827
41 13.4691 2852
42 13.8819 2869
43 14.1091 2869
44 14.1342 2981
45 14.0007 3316
46 13.9086 4281
47 13.9441 5066
48 14.0592 5806
49 14.2044 6271
50 14.2834 6588
51 14.1608 6816
52 14.1593 6946
53 14.1994 6852
54 14.3848 6799
55 14.7851 6806
56 15.3886 7060
57 16.1754 7338
58 17.1207 7588
59 18.1983 7821
60 19.3721 8045
61 20.5539 8272
62 21.6675 8475
63 22.6089 8590
64 23.3282 8627
65 23.8342 8601
66 24.1012 8528
67 24.0757 8400
68 23.7426 8217
69 23.0727 8009
70 22.4427 7780
71 21.9165 7525
72 21.3791 7271
73 20.8048 6982
74 20.2372 6696
75 19.6677 6411
76 19.0072 6103
77 18.2406 5797
78 17.3035 5487
79 15.9412 5190
80 14.3475 4962
81 12.9917 4780
82 11.8421 4653
83 10.7166 4535
84 9.64458 4421
85 8.68666 4290
86 7.83022 4148
87 7.03788 3988
88 6.26681 3813
89 5.48778 3611
90 4.76815 3356
91 4.18536 3050
92 3.71317 2763
93 3.26808 2622
94 2.86957 2478
95 2.54621 2345
96 2.25932 2207
97 1.98933 2066
98 1.7427 1920
99 1.52188 1769
100 1.31728 1613
101 1.12663 1440
102 0.960685 1282
103 0.831653 1137
104 0.746737 973
105 0.702007 836
106 0.684411 752
107 0.680713 721
108 0.680812 699
109 0.678078 693
110 0.667361 691
111 0.646889 683
112 0.620464 677
113 0.595454 668
114 0.57934 656
115 0.575402 641
116 0.581566 640
117 0.59246 645
118 0.601896 658
119 0.604263 666
120 0.592972 666
121 0.561981 657
122 0.507281 631
123 0.42721 599
124 0.327125 552
125 0.221687 491
126 0.12958 416
127 0.0627739 337
128 0.0221561 236
129 0.00301017 99
130 0 0
131 0 0
132 0 0
133 0 0
134 0 0
135 0 0
136 0 0
137 0 0
138 0 0
139 0 0
140 0 0
141 0 0
142 0 0
143 0 0
144 0 0
145 0 0
146 0 0
147 0 0
148 0 0
149 0 0
150 0 0
151 0 0
152 0 0
153 0 0
154 0 0
155 0 0
156 0 0
157 0 0
158 0 0
159 0 0
160 0 0
161 0 0
162 0 0
163 0 0
164 0 0
165 0 0
166 0 0
167 0 0
168 0 0
169 0 0
170 0 0
171 0 0
172 0 0
173 0 0
174 0 0
175 0 0
176 0 0
177 0 0
178 0 0
179 0 0
180 0 0
181 0 0
182 0 0
183 0 0
184 0 0
185 0 0
186 0 0
187 0 0
188 0 0
189 0 0
190 0 0
191 0 0
