0 0 0
1 4.03255 2747
2 3.2603 2701
3 2.2935 2262
4 1.67733 1858
5 1.46066 1546
6 1.50168 1412
7 1.73905 1851
8 3.12199 14224
9 10.2142 36584
10 18.8101 36864
11 27.0991 36864
12 35.0371 36864
13 42.5768 36864
14 49.6688 36864
15 56.3137 36864
16 62.5123 36864
17 68.2111 36864
18 73.2666 36864
19 77.4386 36864
20 80.4166 36864
21 81.8518 36864
22 81.3742 36864
23 78.6301 36864
24 73.3281 36864
25 65.3092 36864
26 54.6312 36864
27 41.6232 36864
28 26.9973 35456
29 15.7597 19892
30 10.905 9033
31 9.14622 5233
32 8.42493 3912
33 8.19678 3431
34 8.29037 3419
35 8.61198 3576
36 9.12465 3708
37 9.82379 3907
38 10.7222 4139
39 11.7934 4330
40 12.9984 4499
41 14.2254 4657
42 15.3656 4753
43 16.3727 4876
44 17.2877 5050
45 18.1762 5243
46 19.09 5330
47 19.8756 5304
48 20.4512 5242
49 20.8869 5186
50 21.208 5194
51 21.4037 5268
52 21.4001 5648
53 21.2295 6701
54 21.1045 7715
55 21.1134 8524
56 21.3394 9319
57 21.8061 9960
58 22.3493 10431
59 22.8851 10827
60 23.3772 11199
61 23.7721 11561
62 24.0688 11901
63 24.3215 12226
64 24.5706 12535
65 24.7937 12788
66 24.9397 13004
67 24.9611 13228
68 24.7818 13442
69 24.3463 13734
70 23.5822 13836
71 22.5086 13800
72 21.2738 13679
73 19.9598 13474
74 18.628 13200
75 17.3422 12848
76 16.1163 12434
77 15.0054 11946
78 14.0827 11410
79 13.3321 10822
80 12.7105 10225
81 12.1991 9647
82 11.7938 9087
83 11.4806 8530
84 11.2391 7968
85 11.0421 7463
86 10.8541 6951
87 10.602 6470
88 10.2457 6035
89 9.77943 5658
90 9.1785 5359
91 8.44855 5111
92 7.60966 4905
93 6.68438 4711
94 5.67641 4511
95 4.57696 4319
96 3.31042 4114
97 2.12771 3909
98 1.83301 3682
99 1.58208 3431
100 1.36979 3157
101 1.19775 2851
102 1.054 2633
103 0.919157 2481
104 0.788877 2340
105 0.667381 2205
106 0.560114 2063
107 0.470505 1910
108 0.398653 1760
109 0.342667 1598
110 0.300522 1419
111 0.269968 1263
112 0.243697 1134
113 0.221255 1021
114 0.202678 912
115 0.18828 823
116 0.17743 769
117 0.16901 716
118 0.162348 694
119 0.156442 668
120 0.150977 640
121 0.145804 614
122 0.140837 593
123 0.136652 570
124 0.134276 556
125 0.134823 553
126 0.139432 560
127 0.148459 595
128 0.159683 628
129 0.167612 664
130 0.166097 665
131 0.15334 647
132 0.131964 594
133 0.105421 531
134 0.0766267 461
135 0.0485765 377
136 0.0244677 286
137 0.00726411 169
138 8.01397e-05 18
139 0 0
140 0 0
141 0 0
142 0 0
143 0 0
144 0 0
145 0 0
146 0 0
147 0 0
148 0 0
149 0 0
150 0 0
151 0 0
152 0 0
153 0 0
154 0 0
155 0 0
156 0 0
157 0 0
158 0 0
159 0 0
160 0 0
161 0 0
162 0 0
163 0 0
164 0 0
165 0 0
166 0 0
167 0 0
168 0 0
169 0 0
170 0 0
171 0 0
172 0 0
173 0 0
174 0 0
175 0 0
176 0 0
177 0 0
178 0 0
179 0 0
180 0 0
181 0 0
182 0 0
183 0 0
184 0 0
185 0 0
186 0 0
187 0 0
188 0 0
189 0 0
190 0 0
191 0 0
