0 0 0
1 2.33542 1334
2 1.91074 1467
3 1.56819 1410
4 1.25577 1236
5 0.947313 1111
6 0.872486 960
7 0.903061 707
8 0.94129 577
9 0.972671 489
10 1.00073 422
11 1.03658 404
12 1.04814 372
13 1.04495 348
14 1.03351 319
15 1.04581 312
16 1.07688 316
17 1.11547 316
18 1.16259 330
19 1.21503 338
20 1.2577 340
21 1.28975 335
22 1.32223 342
23 1.3634 352
24 1.42755 365
25 1.50764 381
26 1.60256 403
27 1.73114 562
28 1.92536 808
29 2.2997 1389
30 2.82972 2016
31 3.40566 2574
32 4.04504 3078
33 4.66697 3535
34 5.1538 3892
35 5.45935 4080
36 5.7779 4065
37 6.23788 4120
38 6.9467 4146
39 7.81756 4157
40 8.76116 4165
41 9.64215 4084
42 10.3068 3984
43 10.6998 3848
44 10.8273 3684
45 10.7453 3497
46 10.5174 3277
47 10.1484 3076
48 9.64434 2859
49 9.03232 2642
50 8.38046 2410
51 7.77631 2183
52 7.27743 1971
53 6.88516 1760
54 6.55971 1601
55 6.26172 1452
56 5.87455 1338
57 5.40809 1228
58 4.93133 1127
59 4.46351 1039
60 4.02342 947
61 3.63299 861
62 3.28893 790
63 2.98422 716
64 2.7399 641
65 2.57611 572
66 2.48475 511
67 2.44291 462
68 2.42138 450
69 2.40953 443
70 2.40879 434
71 2.41669 431
72 2.427 427
73 2.44407 421
74 2.4562 419
75 2.45367 406
76 2.42612 397
77 2.37229 379
78 2.29879 358
79 2.17481 326
80 1.97271 289
81 1.64605 246
82 1.22826 198
83 0.75992 151
84 0.281205 111
85 0.0266924 55
86 0 0
87 0 0
88 0 0
89 0 0
90 0 0
91 0 0
92 0 0
93 0 0
94 0 0
95 0 0
96 0 0
97 0 0
98 0 0
99 0 0
100 0 0
101 0 0
102 0 0
103 0 0
104 0 0
105 0 0
106 0 0
107 0 0
108 0 0
109 0 0
110 0 0
111 0 0
112 0 0
113 0 0
114 0 0
115 0 0
116 0 0
117 0 0
118 0 0
119 0 0
120 0 0
121 0 0
122 0 0
123 0 0
124 0 0
125 0 0
126 0 0
127 0 0
