0 0 0
1 6.63089 2712
2 7.54687 3300
3 8.04009 3817
4 8.3755 4149
5 8.52334 4215
6 8.42608 4203
7 8.22651 5070
8 9.89546 28877
9 15.1119 36715
10 18.7298 36853
11 19.5878 36856
12 16.7989 36534
13 10.9443 25448
14 7.07115 9995
15 5.62459 4339
16 5.17586 2499
17 5.0196 1835
18 4.8406 1578
19 4.61191 1433
20 4.55045 1349
21 4.66261 1317
22 4.83078 1298
23 4.95796 1296
24 4.97214 1269
25 4.94242 1193
26 4.90943 1156
27 4.85773 1159
28 4.8056 1228
29 4.733 1275
30 4.78092 1358
31 5.032 1424
32 5.44966 1518
33 5.8796 1570
34 6.25794 1651
35 6.56545 1718
36 6.81544 1840
37 7.08676 1915
38 7.30565 1982
39 7.42025 2046
40 7.40446 2174
41 7.34425 2713
42 7.50429 3885
43 8.05497 5035
44 8.8316 6002
45 9.69499 6899
46 10.5452 7330
47 11.167 7445
48 11.5252 7443
49 11.7987 7401
50 12.1888 7429
51 12.7176 7416
52 13.3526 7706
53 14.1851 8120
54 15.2061 8575
55 16.3303 8833
56 17.4794 9151
57 18.6299 9402
58 19.6883 9537
59 20.4954 9548
60 20.8963 9386
61 20.9068 9131
62 20.5781 8767
63 19.9681 8366
64 19.1618 7950
65 18.2357 7527
66 17.2386 7103
67 16.2007 6662
68 15.1577 6227
69 14.1512 5790
70 13.2265 5344
71 12.4054 4950
72 11.6668 4580
73 10.9953 4196
74 10.378 3809
75 9.78764 3533
76 9.21492 3316
77 8.6891 3149
78 8.22208 2989
79 7.81569 2842
80 7.45839 2698
81 7.12738 2567
82 6.79533 2413
83 6.44017 2270
84 6.07334 2095
85 5.70095 1974
86 5.31801 1906
87 4.96971 1834
88 4.68867 1764
89 4.47534 1689
90 4.30227 1605
91 4.12999 1528
92 3.92623 1453
93 3.68825 1374
94 3.42566 1303
95 3.15431 1235
96 2.89458 1162
97 2.66324 1081
98 2.46615 1003
99 2.30301 941
100 2.16852 892
101 2.05647 850
102 1.95627 822
103 1.84993 790
104 1.71835 756
105 1.55728 724
106 1.37766 688
107 1.19812 643
108 1.04157 594
109 0.930366 537
110 0.869757 515
111 0.849016 497
112 0.846346 477
113 0.837842 456
114 0.804375 435
115 0.734868 413
116 0.626704 388
117 0.488944 352
118 0.341399 315
119 0.208398 272
120 0.108084 221
121 0.0452644 169
122 0.0134631 106
123 0.0019966 40
124 7.21116e-06 2
125 0 0
126 0 0
127 0 0
128 0 0
129 0 0
130 0 0
131 0 0
132 0 0
133 0 0
134 0 0
135 0 0
136 0 0
137 0 0
138 0 0
139 0 0
140 0 0
141 0 0
142 0 0
143 0 0
144 0 0
145 0 0
146 0 0
147 0 0
148 0 0
149 0 0
150 0 0
151 0 0
152 0 0
153 0 0
154 0 0
155 0 0
156 0 0
157 0 0
158 0 0
159 0 0
160 0 0
161 0 0
162 0 0
163 0 0
164 0 0
165 0 0
166 0 0
167 0 0
168 0 0
169 0 0
170 0 0
171 0 0
172 0 0
173 0 0
174 0 0
175 0 0
176 0 0
177 0 0
178 0 0
179 0 0
180 0 0
181 0 0
182 0 0
183 0 0
184 0 0
185 0 0
186 0 0
187 0 0
188 0 0
189 0 0
190 0 0
191 0 0
