0 0 0
1 2.29592 1322
2 2.24189 1412
3 2.42109 1536
4 2.77899 1744
5 3.24492 2964
6 4.50872 10832
7 5.24017 12690
8 4.13968 7831
9 3.11701 3337
10 2.65584 1503
11 2.29934 1009
12 2.027 763
13 2.04019 685
14 2.1885 776
15 2.48623 873
16 2.88555 923
17 3.29686 977
18 3.63808 1033
19 3.85869 1102
20 3.95074 1140
21 3.89626 1176
22 3.75319 1132
23 3.68822 1090
24 3.75327 1066
25 3.86767 1051
26 3.96531 1049
27 4.0435 1054
28 4.18795 1083
29 4.39962 1095
30 4.66454 1210
31 4.97548 1459
32 5.3925 2281
33 6.05878 3284
34 6.79039 4086
35 7.36234 4570
36 7.67761 4859
37 7.73413 4989
38 7.61287 4947
39 7.4649 4836
40 7.39378 4685
41 7.45482 4530
42 7.62452 4346
43 7.72697 4074
44 7.69894 3836
45 7.56587 3593
46 7.30526 3335
47 6.95073 3058
48 6.55454 2798
49 6.16012 2571
50 5.79376 2364
51 5.4586 2196
52 5.16108 2024
53 4.9162 1862
54 4.72709 1702
55 4.57697 1595
56 4.42702 1481
57 4.29061 1377
58 4.17774 1293
59 4.04733 1249
60 3.91566 1201
61 3.77408 1161
62 3.61955 1120
63 3.45215 1072
64 3.24856 1030
65 2.99799 987
66 2.71967 948
67 2.45145 903
68 2.24056 861
69 2.05995 823
70 1.899 775
71 1.77049 725
72 1.68016 661
73 1.61369 588
74 1.54517 507
75 1.45222 463
76 1.33736 447
77 1.23975 435
78 1.20082 413
79 1.20532 403
80 1.19288 381
81 1.10202 370
82 0.930779 354
83 0.716512 345
84 0.583824 348
85 0.596985 366
86 0.677522 395
87 0.750379 404
88 0.759735 391
89 0.708818 356
90 0.63366 312
91 0.56346 269
92 0.509129 222
93 0.469903 195
94 0.439891 176
95 0.40657 162
96 0.347761 144
97 0.238045 116
98 0.0964318 77
99 0.0148934 35
100 0 0
101 0 0
102 0 0
103 0 0
104 0 0
105 0 0
106 0 0
107 0 0
108 0 0
109 0 0
110 0 0
111 0 0
112 0 0
113 0 0
114 0 0
115 0 0
116 0 0
117 0 0
118 0 0
119 0 0
120 0 0
121 0 0
122 0 0
123 0 0
124 0 0
125 0 0
126 0 0
127 0 0
