0 0 0
1 4.77602 2786
2 3.83962 2692
3 3.28695 2480
4 3.2266 2392
5 3.36413 2427
6 3.53454 2536
7 3.78045 4251
8 6.20052 22611
9 12.9322 34286
10 20.4954 36724
11 28.1008 36864
12 35.455 36864
13 42.4159 36864
14 48.7814 36864
15 54.2754 36864
16 58.556 36864
17 61.197 36864
18 61.7091 36864
19 59.5899 36864
20 54.4502 36864
21 46.1474 36864
22 34.8664 36864
23 21.9418 31133
24 12.8958 16790
25 9.57507 6548
26 9.02904 3430
27 9.14622 2689
28 9.48355 2513
29 9.82127 2501
30 10.0323 2520
31 10.0748 2567
32 10.1715 2615
33 10.3866 2667
34 10.7468 2762
35 11.2323 2874
36 11.7313 2979
37 12.1946 3038
38 12.5976 3101
39 12.9432 3191
40 13.3948 3258
41 13.9451 3306
42 14.4757 3321
43 14.8719 3318
44 15.1255 3305
45 15.2269 3302
46 15.1731 3271
47 14.9537 3268
48 14.5873 3432
49 14.2247 3987
50 14.0579 4861
51 14.1051 5762
52 14.287 6379
53 14.4595 6844
54 14.5641 7179
55 14.5977 7455
56 14.6072 7685
57 14.6622 7902
58 14.747 8088
59 14.8993 8303
60 15.1399 8535
61 15.472 8817
62 15.851 9104
63 16.2279 9385
64 16.5817 9650
65 16.9321 9960
66 17.2944 10230
67 17.6429 10378
68 17.9167 10475
69 18.0896 10521
70 18.1352 10507
71 18.033 10440
72 17.8164 10330
73 17.5198 10124
74 17.1709 9861
75 16.8025 9574
76 16.4567 9284
77 16.1687 8978
78 16.0085 8671
79 16.0993 8360
80 16.6412 8023
81 17.6334 7716
82 18.6743 7387
83 19.2967 7047
84 19.3289 6742
85 18.8646 6458
86 18.0357 6232
87 16.9419 6014
88 15.5861 5819
89 13.986 5600
90 12.2032 5377
91 10.3382 5131
92 8.52221 4858
93 6.87405 4587
94 5.46847 4284
95 4.35002 3942
96 3.44481 3559
97 2.65454 3245
98 2.02754 3051
99 1.67286 2851
100 1.44166 2659
101 1.23068 2461
102 1.04903 2276
103 0.910176 2077
104 0.812223 1863
105 0.742866 1696
106 0.68416 1550
107 0.632451 1411
108 0.586466 1286
109 0.546487 1178
110 0.513762 1078
111 0.488596 995
112 0.469006 952
113 0.453047 917
114 0.439093 892
115 0.424895 866
116 0.408464 844
117 0.389203 820
118 0.368847 800
119 0.350112 773
120 0.334906 751
121 0.322781 722
122 0.311407 692
123 0.297625 668
124 0.279699 647
125 0.258023 622
126 0.233753 590
127 0.206595 555
128 0.174205 511
129 0.135203 461
130 0.0934944 400
131 0.0553 328
132 0.0254561 241
133 0.00659497 136
134 2.69497e-05 10
135 0 0
136 0 0
137 0 0
138 0 0
139 0 0
140 0 0
141 0 0
142 0 0
143 0 0
144 0 0
145 0 0
146 0 0
147 0 0
148 0 0
149 0 0
150 0 0
151 0 0
152 0 0
153 0 0
154 0 0
155 0 0
156 0 0
157 0 0
158 0 0
159 0 0
160 0 0
161 0 0
162 0 0
163 0 0
164 0 0
165 0 0
166 0 0
167 0 0
168 0 0
169 0 0
170 0 0
171 0 0
172 0 0
173 0 0
174 0 0
175 0 0
176 0 0
177 0 0
178 0 0
179 0 0
180 0 0
181 0 0
182 0 0
183 0 0
184 0 0
185 0 0
186 0 0
187 0 0
188 0 0
189 0 0
190 0 0
191 0 0
