0 0 0
1 3.51045 2533
2 2.22336 2267
3 1.23889 1759
4 0.823193 1241
5 0.756111 962
6 0.812163 887
7 0.886859 871
8 0.96506 894
9 1.03711 846
10 1.12327 782
11 1.19803 725
12 1.26425 669
13 1.31891 638
14 1.37408 606
15 1.4233 579
16 1.46555 556
17 1.49673 535
18 1.53616 524
19 1.58354 516
20 1.64082 516
21 1.69396 514
22 1.73191 546
23 1.79182 584
24 1.86059 600
25 1.87273 590
26 1.78269 584
27 1.7276 682
28 1.79551 843
29 1.93729 1080
30 2.09478 1415
31 2.29355 1621
32 2.54516 1822
33 2.79923 2068
34 2.98174 2271
35 3.21485 2379
36 3.46528 2660
37 3.82277 2714
38 4.25214 2833
39 4.67651 2878
40 5.23621 2906
41 5.80857 3072
42 6.31869 3371
43 7.00575 3702
44 8.05373 3859
45 9.31416 3978
46 10.648 4069
47 11.9683 4156
48 13.2016 4272
49 14.3787 4407
50 15.6612 4479
51 16.8943 4468
52 17.7913 4455
53 17.9583 4404
54 17.6102 4314
55 17.1569 4138
56 16.5833 3948
57 16.6275 3774
58 16.6137 3616
59 16.1507 3402
60 15.1866 3129
61 13.9389 2844
62 12.3008 2507
63 10.7315 2178
64 9.62502 1848
65 8.84181 1605
66 7.87391 1425
67 6.63807 1250
68 5.41475 1074
69 4.04948 902
70 2.79521 707
71 1.88028 526
72 1.30432 406
73 1.09588 316
74 0.724503 228
75 0.310313 135
76 0.0496483 54
77 0 0
78 0 0
79 0 0
80 0 0
81 0 0
82 0 0
83 0 0
84 0 0
85 0 0
86 0 0
87 0 0
88 0 0
89 0 0
90 0 0
91 0 0
92 0 0
93 0 0
94 0 0
95 0 0
96 0 0
97 0 0
98 0 0
99 0 0
100 0 0
101 0 0
102 0 0
103 0 0
104 0 0
105 0 0
106 0 0
107 0 0
108 0 0
109 0 0
110 0 0
111 0 0
112 0 0
113 0 0
114 0 0
115 0 0
116 0 0
117 0 0
118 0 0
119 0 0
120 0 0
121 0 0
122 0 0
123 0 0
124 0 0
125 0 0
126 0 0
127 0 0
128 0 0
129 0 0
130 0 0
131 0 0
132 0 0
133 0 0
134 0 0
135 0 0
136 0 0
137 0 0
138 0 0
139 0 0
140 0 0
141 0 0
142 0 0
143 0 0
144 0 0
145 0 0
146 0 0
147 0 0
148 0 0
149 0 0
150 0 0
151 0 0
152 0 0
153 0 0
154 0 0
155 0 0
156 0 0
157 0 0
158 0 0
159 0 0
160 0 0
161 0 0
162 0 0
163 0 0
164 0 0
165 0 0
166 0 0
167 0 0
168 0 0
169 0 0
170 0 0
171 0 0
172 0 0
173 0 0
174 0 0
175 0 0
176 0 0
177 0 0
178 0 0
179 0 0
180 0 0
181 0 0
182 0 0
183 0 0
184 0 0
185 0 0
186 0 0
187 0 0
188 0 0
189 0 0
190 0 0
191 0 0
