0 0 0
1 0.739504 852
2 0.267341 587
3 0.095011 308
4 0.155212 299
5 0.255438 368
6 0.35706 371
7 0.44314 362
8 0.512307 333
9 0.573705 310
10 0.619032 289
11 0.661001 272
12 0.696444 261
13 0.740215 250
14 0.778951 239
15 0.814099 228
16 0.835393 224
17 0.844502 212
18 0.860381 208
19 0.878545 210
20 0.894921 212
21 0.917578 240
22 0.961454 297
23 1.06445 456
24 1.25368 733
25 1.55633 1089
26 2.00789 1519
27 2.62488 1792
28 3.31462 2029
29 3.98103 2239
30 4.6849 2401
31 5.47367 2548
32 6.23609 2586
33 6.85104 2574
34 7.33792 2525
35 7.70433 2440
36 7.72664 2369
37 7.73754 2321
38 7.63935 2231
39 7.51447 2159
40 7.24795 2118
41 6.7513 2021
42 6.28162 1906
43 6.01672 1778
44 5.7292 1666
45 5.24641 1522
46 4.60781 1347
47 3.9057 1158
48 3.30134 967
49 2.87681 802
50 2.55207 684
51 2.21428 565
52 1.85304 460
53 1.46409 372
54 1.04009 299
55 0.595424 216
56 0.207157 129
57 0.0236589 44
58 0 0
59 0 0
60 0 0
61 0 0
62 0 0
63 0 0
64 0 0
65 0 0
66 0 0
67 0 0
68 0 0
69 0 0
70 0 0
71 0 0
72 0 0
73 0 0
74 0 0
75 0 0
76 0 0
77 0 0
78 0 0
79 0 0
80 0 0
81 0 0
82 0 0
83 0 0
84 0 0
85 0 0
86 0 0
87 0 0
88 0 0
89 0 0
90 0 0
91 0 0
92 0 0
93 0 0
94 0 0
95 0 0
96 0 0
97 0 0
98 0 0
99 0 0
100 0 0
101 0 0
102 0 0
103 0 0
104 0 0
105 0 0
106 0 0
107 0 0
108 0 0
109 0 0
110 0 0
111 0 0
112 0 0
113 0 0
114 0 0
115 0 0
116 0 0
117 0 0
118 0 0
119 0 0
120 0 0
121 0 0
122 0 0
123 0 0
124 0 0
125 0 0
126 0 0
127 0 0
