1 23.70 msec 0
2 22.36 msec 0
3 21.91 msec 0
4 18.10 msec 0
5 21.71 msec 0
6 17.97 msec 0
7 19.99 msec 0
8 29.81 msec 0
9 29.80 msec 0
10 32.43 msec 0
11 33.99 msec 0
12 26.97 msec 0
13 28.97 msec 0
14 24.85 msec 0
15 34.26 msec 0
16 30.23 msec 0
17 32.57 msec 0
18 29.88 msec 0
19 32.94 msec 0
20 32.64 msec 0
21 32.53 msec 0
22 28.36 msec 0
23 29.36 msec 0
24 26.60 msec 0
25 33.29 msec 0
26 31.06 msec 0
27 35.69 msec 0
28 24.85 msec 0
29 26.93 msec 0
30 25.81 msec 0
31 32.00 msec 0
32 33.58 msec 0
33 26.02 msec 0
34 30.67 msec 0
35 29.79 msec 0
36 31.12 msec 0
37 34.15 msec 0
38 32.30 msec 0
39 27.50 msec 0
40 30.45 msec 0
41 32.81 msec 0
42 30.41 msec 0
43 33.14 msec 0
44 25.46 msec 0
45 26.60 msec 0
46 34.18 msec 0
47 34.61 msec 0
48 31.24 msec 0
49 26.37 msec 0
50 26.13 msec 0
51 32.64 msec 0
52 25.87 msec 0
53 33.76 msec 0
54 31.68 msec 0
55 31.20 msec 0
56 26.62 msec 0
57 30.71 msec 0
58 24.82 msec 0
59 33.43 msec 0
60 32.03 msec 0
61 28.69 msec 0
62 29.54 msec 0
63 27.13 msec 0
64 28.12 msec 0
65 31.69 msec 0
66 28.14 msec 0
67 26.57 msec 0
68 25.46 msec 0
69 32.30 msec 0
70 27.99 msec 0
71 31.12 msec 0
72 29.55 msec 0
73 33.28 msec 0
74 28.03 msec 0
75 28.06 msec 0
76 28.81 msec 0
77 30.96 msec 0
78 30.60 msec 0
79 34.06 msec 0
80 28.40 msec 0
81 33.79 msec 0
82 27.10 msec 0
83 32.38 msec 0
84 21.71 msec 0
85 22.60 msec 0
86 31.75 msec 0
87 29.71 msec 0
88 32.73 msec 0
89 29.37 msec 0
90 26.23 msec 0
91 30.22 msec 0
92 29.74 msec 0
93 33.77 msec 0
94 30.79 msec 0
95 31.68 msec 0
96 29.21 msec 0
97 33.72 msec 0
98 27.48 msec 0
99 28.01 msec 0
100 26.50 msec 0
101 27.73 msec 0
102 28.72 msec 0
103 25.96 msec 0
104 21.38 msec 0
105 20.19 msec 0
106 24.00 msec 0
107 30.91 msec 0
108 28.97 msec 0
109 21.07 msec 0
110 29.20 msec 0
111 25.73 msec 0
112 30.07 msec 0
113 29.14 msec 0
114 31.51 msec 0
115 33.71 msec 0
116 29.84 msec 0
117 29.24 msec 0
118 29.50 msec 0
119 33.08 msec 0
120 27.25 msec 0
121 32.40 msec 0
122 26.08 msec 0
123 30.62 msec 0
124 33.00 msec 0
125 29.82 msec 0
126 30.14 msec 0
127 32.28 msec 0
128 29.01 msec 0
129 26.27 msec 0
130 31.38 msec 0
131 32.97 msec 0
132 35.85 msec 0
133 27.26 msec 0
134 31.35 msec 0
135 30.53 msec 0
136 29.31 msec 0
137 32.77 msec 0
138 25.46 msec 0
139 31.70 msec 0
140 34.37 msec 0
141 33.37 msec 0
142 32.34 msec 0
143 29.18 msec 0
144 28.91 msec 0
145 27.06 msec 0
146 33.28 msec 0
147 30.71 msec 0
148 30.42 msec 0
149 30.30 msec 0
150 31.37 msec 0
151 33.35 msec 0
152 28.61 msec 0
153 29.99 msec 0
154 24.45 msec 0
155 30.74 msec 0
156 32.86 msec 0
157 32.15 msec 0
158 31.16 msec 0
159 30.15 msec 0
160 35.06 msec 0
161 30.93 msec 0
162 29.92 msec 0
163 34.30 msec 0
164 26.63 msec 0
165 30.92 msec 0
166 29.20 msec 0
167 25.06 msec 0
168 21.46 msec 0
169 21.93 msec 0
170 32.20 msec 0
171 31.88 msec 0
172 30.28 msec 0
173 31.09 msec 0
174 32.29 msec 0
175 30.66 msec 0
176 32.44 msec 0
177 27.78 msec 0
178 33.32 msec 0
179 25.60 msec 0
180 30.25 msec 0
181 28.72 msec 0
182 32.38 msec 0
183 31.60 msec 0
184 38.13 msec 0
185 28.10 msec 0
186 30.99 msec 0
187 32.31 msec 0
188 31.71 msec 0
189 30.35 msec 0
190 29.45 msec 0
191 32.78 msec 0
192 26.05 msec 0
193 31.40 msec 0
194 31.64 msec 0
195 30.16 msec 0
196 31.25 msec 0
