0 5.54636e+20
1 9.31808e+19
2 6.89083e+18
3 6.4752e+18
4 3.97703e+18
5 9.31975e+17
6 2.31713e+18
7 3.16177e+17
8 1.19501e+18
9 3.99346e+17
10 5.0853e+17
11 4.69825e+17
12 1.90175e+17
13 4.13618e+17
14 1.07239e+17
15 2.78417e+17
16 1.25237e+17
17 1.56068e+17
18 1.40414e+17
19 8.43357e+16
20 1.29236e+17
21 5.54022e+16
22 9.94255e+16
23 5.38529e+16
24 6.542e+16
25 5.57371e+16
26 4.31707e+16
27 5.18137e+16
28 3.34783e+16
29 4.43177e+16
30 2.99685e+16
31 3.66978e+16
32 3.05728e+16
33 3.1102e+16
34 3.0357e+16
35 2.75616e+16
36 2.90891e+16
37 2.49967e+16
38 2.78616e+16
39 2.41822e+16
40 2.51321e+16
41 2.26957e+16
42 2.21763e+16
43 2.18452e+16
44 2.08476e+16
45 2.13885e+16
46 1.93265e+16
47 1.91006e+16
48 1.68688e+16
49 1.73914e+16
50 1.70034e+16
51 1.67924e+16
52 1.54287e+16
53 1.51031e+16
54 1.45056e+16
55 1.46269e+16
56 1.38158e+16
57 1.38516e+16
58 1.42682e+16
59 1.33111e+16
60 1.37031e+16
61 1.41902e+16
62 1.33959e+16
63 1.35938e+16
