0 2.43276e+11
1 6.31721e+11
2 2.44157e+11
3 4.09152e+10
4 7.3718e+10
5 3.39116e+10
6 2.17888e+10
7 2.37477e+10
8 1.05453e+10
9 1.22808e+10
10 7.4562e+09
11 6.18206e+09
12 6.30717e+09
13 4.53579e+09
14 5.24074e+09
15 3.0273e+09
16 3.78e+09
17 3.73718e+09
18 2.16053e+09
19 3.02017e+09
20 2.04562e+09
21 3.01461e+09
22 2.43567e+09
23 1.4568e+09
24 2.49491e+09
25 2.22559e+09
26 2.38455e+09
27 2.09884e+09
28 1.34486e+09
29 1.53564e+09
30 1.22582e+09
31 1.76016e+09
32 1.50201e+09
33 1.25617e+09
34 1.55277e+09
35 1.36984e+09
36 1.94362e+09
37 1.82486e+09
38 1.50929e+09
39 1.73227e+09
40 1.60042e+09
41 1.83277e+09
42 1.64256e+09
43 1.49712e+09
44 1.6841e+09
45 1.2637e+09
46 1.53131e+09
47 1.80856e+09
48 1.74491e+09
49 2.04291e+09
50 1.94381e+09
51 1.80944e+09
52 1.53612e+09
53 1.49964e+09
54 1.60544e+09
55 1.6484e+09
56 1.54808e+09
57 1.77786e+09
58 1.56786e+09
59 1.56474e+09
60 1.75513e+09
61 2.21123e+09
62 1.93205e+09
63 1.86059e+09
64 1.72066e+09
65 1.63795e+09
66 1.82162e+09
67 2.22793e+09
68 2.30334e+09
69 1.85016e+09
70 2.01612e+09
71 2.02993e+09
72 2.29369e+09
73 2.33581e+09
74 2.60506e+09
75 2.69482e+09
76 1.91644e+09
77 2.01443e+09
78 2.23051e+09
79 2.71691e+09
80 2.66806e+09
81 2.23127e+09
82 2.20154e+09
83 2.22506e+09
84 2.19918e+09
85 1.93649e+09
86 2.10293e+09
87 2.50984e+09
88 2.23495e+09
89 2.13032e+09
90 2.04256e+09
91 2.50466e+09
92 2.70717e+09
93 2.63037e+09
94 2.6626e+09
95 2.53694e+09
