0 1.22858e+12
1 1.48935e+12
2 9.74067e+11
3 5.57799e+11
4 4.21659e+11
5 3.21735e+11
6 2.0107e+11
7 1.29401e+11
8 8.0071e+10
9 4.54798e+10
10 2.17846e+10
11 1.08155e+10
12 5.56141e+09
13 3.58555e+09
14 5.50419e+09
15 6.9467e+09
16 7.94125e+09
17 8.92409e+09
18 9.22813e+09
19 9.16801e+09
20 8.19033e+09
21 7.25322e+09
22 6.03787e+09
23 4.5103e+09
24 3.25639e+09
25 2.3419e+09
26 1.76755e+09
27 1.61884e+09
28 1.98388e+09
29 2.80051e+09
30 3.21957e+09
31 3.65276e+09
32 3.85707e+09
33 3.77397e+09
34 3.31653e+09
35 2.6764e+09
36 2.25482e+09
37 1.87644e+09
38 1.68747e+09
39 1.58691e+09
40 1.47441e+09
41 1.6498e+09
42 1.59147e+09
43 1.77751e+09
44 1.84516e+09
45 1.63988e+09
46 1.59438e+09
47 1.33163e+09
48 1.14858e+09
49 1.22335e+09
50 1.13572e+09
51 1.21471e+09
52 1.12871e+09
53 1.13652e+09
54 1.23787e+09
55 1.28793e+09
56 1.11744e+09
57 1.07903e+09
58 1.12668e+09
59 1.3223e+09
60 1.2577e+09
61 1.30479e+09
62 1.38e+09
63 1.3848e+09
