0 5.55699e+12
1 1.19832e+13
2 3.91708e+12
3 9.38085e+11
4 1.18392e+12
5 5.22748e+11
6 4.18623e+11
7 3.86837e+11
8 1.74283e+11
9 2.31913e+11
10 1.2396e+11
11 1.12225e+11
12 1.10047e+11
13 7.66863e+10
14 9.43789e+10
15 4.96884e+10
16 6.86627e+10
17 6.79298e+10
18 3.69544e+10
19 5.3908e+10
20 3.57979e+10
21 5.73898e+10
22 4.50829e+10
23 2.57909e+10
24 4.84181e+10
25 4.46016e+10
26 4.71473e+10
27 3.99737e+10
28 2.41487e+10
29 2.82658e+10
30 2.28458e+10
31 3.41618e+10
32 2.95245e+10
33 2.4408e+10
34 3.04403e+10
35 2.75157e+10
36 4.01415e+10
37 3.75845e+10
38 3.12224e+10
39 3.53136e+10
40 3.30206e+10
41 3.7859e+10
42 3.3965e+10
43 3.14168e+10
44 3.47114e+10
45 2.57424e+10
46 3.11461e+10
47 3.73031e+10
48 3.72008e+10
49 4.28723e+10
50 4.2243e+10
51 3.76107e+10
52 3.17053e+10
53 3.21648e+10
54 3.47161e+10
55 3.57572e+10
56 3.28827e+10
57 3.83779e+10
58 3.41253e+10
59 3.39559e+10
60 3.81516e+10
61 4.81958e+10
62 4.17547e+10
63 4.01044e+10
64 3.676e+10
65 3.51067e+10
66 3.89476e+10
67 4.82625e+10
68 5.01548e+10
69 3.96342e+10
70 4.36615e+10
71 4.39022e+10
72 5.0357e+10
73 5.17372e+10
74 5.68738e+10
75 5.94318e+10
76 4.17326e+10
77 4.38131e+10
78 4.85918e+10
79 6.00375e+10
80 5.82504e+10
81 4.80509e+10
82 4.76112e+10
83 4.79797e+10
84 4.75487e+10
85 4.21085e+10
86 4.59059e+10
87 5.48745e+10
88 4.91356e+10
89 4.6716e+10
90 4.42744e+10
91 5.53738e+10
92 5.91353e+10
93 5.69807e+10
94 5.7976e+10
95 5.59736e+10
