0 1.20419e+12
1 2.86045e+12
2 8.938e+11
3 2.45066e+11
4 2.78725e+11
5 1.24548e+11
6 1.04168e+11
7 9.03852e+10
8 4.40347e+10
9 5.47555e+10
10 2.97855e+10
11 2.67349e+10
12 2.68516e+10
13 1.83914e+10
14 2.26474e+10
15 1.21518e+10
16 1.63035e+10
17 1.59651e+10
18 8.88804e+09
19 1.26864e+10
20 8.44148e+09
21 1.31468e+10
22 1.05943e+10
23 6.09914e+09
24 1.12141e+10
25 9.94648e+09
26 1.06619e+10
27 9.16905e+09
28 5.69865e+09
29 6.59248e+09
30 5.32588e+09
31 7.75325e+09
32 6.71455e+09
33 5.49926e+09
34 6.89521e+09
35 6.16344e+09
36 8.85789e+09
37 8.34823e+09
38 6.88244e+09
39 7.86648e+09
40 7.29441e+09
41 8.39413e+09
42 7.4578e+09
43 6.90077e+09
44 7.63296e+09
45 5.73835e+09
46 6.94435e+09
47 8.25181e+09
48 8.10824e+09
49 9.42086e+09
50 9.10753e+09
51 8.31573e+09
52 6.98697e+09
53 6.95024e+09
54 7.48784e+09
55 7.65889e+09
56 7.17992e+09
57 8.30475e+09
58 7.3199e+09
59 7.29194e+09
60 8.19165e+09
61 1.03538e+10
62 9.01548e+09
63 8.68156e+09
64 7.98292e+09
65 7.59621e+09
66 8.43423e+09
67 1.04282e+10
68 1.0802e+10
69 8.60617e+09
70 9.43885e+09
71 9.4901e+09
72 1.08006e+10
73 1.10393e+10
74 1.22284e+10
75 1.27599e+10
76 8.96939e+09
77 9.407e+09
78 1.04562e+10
79 1.28678e+10
80 1.25125e+10
81 1.04518e+10
82 1.03215e+10
83 1.04034e+10
84 1.03029e+10
85 9.08065e+09
86 9.86526e+09
87 1.17711e+10
88 1.04958e+10
89 1.00397e+10
90 9.55282e+09
91 1.18239e+10
92 1.27108e+10
93 1.23191e+10
94 1.25106e+10
95 1.19734e+10
