0 3.3932e+16
1 4.15532e+16
2 3.28477e+16
3 2.31869e+16
4 1.69227e+16
5 1.49712e+16
6 1.41932e+16
7 1.3493e+16
8 1.18101e+16
9 9.74643e+15
10 8.01101e+15
11 6.87937e+15
12 5.99593e+15
13 5.04065e+15
14 3.93872e+15
15 2.99896e+15
16 2.29749e+15
17 1.82871e+15
18 1.40476e+15
19 1.0155e+15
20 6.8229e+14
21 4.65479e+14
22 3.40121e+14
23 2.51104e+14
24 1.82723e+14
25 1.4675e+14
26 1.4444e+14
27 1.60182e+14
28 1.75303e+14
29 1.90532e+14
30 1.91338e+14
31 2.19402e+14
32 2.28833e+14
33 2.29015e+14
34 2.22237e+14
35 2.0707e+14
36 1.99294e+14
37 1.91477e+14
38 1.74438e+14
39 1.53893e+14
40 1.37416e+14
41 1.23831e+14
42 1.12088e+14
43 1.00828e+14
44 9.07669e+13
45 8.2053e+13
46 7.77163e+13
47 7.75119e+13
48 7.11051e+13
49 6.97134e+13
50 6.44468e+13
51 6.53373e+13
52 6.42236e+13
53 6.28431e+13
54 6.35826e+13
55 6.10862e+13
56 6.15158e+13
57 6.21018e+13
58 6.14481e+13
59 5.74157e+13
60 5.98302e+13
61 5.81211e+13
62 5.59068e+13
63 5.43298e+13
