0 1.93253e+14
1 4.80985e+14
2 3.90599e+14
3 2.73244e+14
4 2.1512e+14
5 1.35195e+14
6 7.52809e+13
7 4.38795e+13
8 1.73159e+13
9 1.70145e+13
10 1.60323e+13
11 1.96862e+13
12 2.22192e+13
13 1.83359e+13
14 1.53212e+13
15 8.31715e+12
16 5.16854e+12
17 3.89723e+12
18 2.03143e+12
19 4.06412e+12
20 4.09006e+12
21 5.30407e+12
22 4.808e+12
23 2.92994e+12
24 3.50388e+12
25 2.87218e+12
26 3.13924e+12
27 3.54546e+12
28 2.9001e+12
29 3.34402e+12
30 2.76963e+12
31 2.89158e+12
32 2.46975e+12
33 1.83538e+12
34 2.11086e+12
35 1.9614e+12
36 2.55277e+12
37 2.6227e+12
38 2.21293e+12
39 2.4141e+12
40 2.20129e+12
41 2.34162e+12
42 2.16668e+12
43 2.04442e+12
44 2.37562e+12
45 1.93224e+12
46 2.18868e+12
47 2.49524e+12
48 2.32295e+12
49 2.68692e+12
50 2.47116e+12
51 2.44929e+12
52 2.15742e+12
53 2.02537e+12
54 2.13209e+12
55 2.14127e+12
56 2.11876e+12
57 2.31786e+12
58 2.05344e+12
59 2.04433e+12
60 2.23504e+12
61 2.74619e+12
62 2.50736e+12
63 2.46194e+12
64 2.28204e+12
65 2.1461e+12
66 2.31252e+12
67 2.76938e+12
68 2.85423e+12
69 2.47838e+12
70 2.55692e+12
71 2.61765e+12
72 2.85102e+12
73 2.87247e+12
74 3.20344e+12
75 3.33098e+12
76 2.4678e+12
77 2.54482e+12
78 2.79434e+12
79 3.29886e+12
80 3.35201e+12
81 2.92108e+12
82 2.80201e+12
83 2.83836e+12
84 2.78904e+12
85 2.48736e+12
86 2.59777e+12
87 3.11716e+12
88 2.85672e+12
89 2.72724e+12
90 2.63877e+12
91 3.02039e+12
92 3.33294e+12
93 3.31765e+12
94 3.42123e+12
95 3.18879e+12
