0 3.42965e+16
1 1.82904e+16
2 5.19794e+15
3 3.58923e+14
4 6.02349e+14
5 8.04135e+14
6 2.22601e+14
7 8.75304e+13
8 2.71735e+14
9 1.59791e+14
10 2.50719e+13
11 1.01449e+14
12 1.11928e+14
13 2.56645e+13
14 3.48051e+13
15 7.25891e+13
16 3.12686e+13
17 1.2136e+13
18 4.18575e+13
19 3.27097e+13
20 7.33343e+12
21 2.06488e+13
22 2.81274e+13
23 9.52512e+12
24 9.78898e+12
25 2.04895e+13
26 1.19022e+13
27 5.55998e+12
28 1.30727e+13
29 1.22634e+13
30 4.73083e+12
31 7.8335e+12
32 1.08291e+13
33 5.5357e+12
34 4.723e+12
35 8.13929e+12
36 6.0888e+12
37 3.65084e+12
38 5.68671e+12
39 5.88815e+12
40 3.46821e+12
41 4.08325e+12
42 5.01332e+12
43 3.61104e+12
44 2.97104e+12
45 3.87558e+12
46 3.54586e+12
47 2.75563e+12
48 3.08527e+12
49 3.29151e+12
50 2.71124e+12
51 2.73416e+12
52 2.75378e+12
53 2.52397e+12
54 2.28588e+12
55 2.45192e+12
56 2.35019e+12
57 2.32347e+12
58 2.39386e+12
59 2.41617e+12
60 2.39289e+12
61 2.36975e+12
62 2.24465e+12
63 2.18636e+12
