0 8.70244e+12
1 1.89438e+13
2 6.22347e+12
3 1.48764e+12
4 1.89469e+12
5 8.7357e+11
6 6.70748e+11
7 6.19603e+11
8 2.73209e+11
9 3.53986e+11
10 1.86015e+11
11 1.71332e+11
12 1.70824e+11
13 1.23113e+11
14 1.53011e+11
15 7.97236e+10
16 1.10046e+11
17 1.07784e+11
18 5.72161e+10
19 8.58039e+10
20 5.71443e+10
21 8.99742e+10
22 7.04006e+10
23 4.01756e+10
24 7.60187e+10
25 7.10811e+10
26 7.55306e+10
27 6.32361e+10
28 3.83467e+10
29 4.48486e+10
30 3.56983e+10
31 5.42333e+10
32 4.67383e+10
33 3.81552e+10
34 4.81834e+10
35 4.36733e+10
36 6.36671e+10
37 5.9816e+10
38 4.95694e+10
39 5.59412e+10
40 5.23502e+10
41 6.0256e+10
42 5.40694e+10
43 5.01187e+10
44 5.50476e+10
45 4.06491e+10
46 4.9586e+10
47 5.93046e+10
48 5.91332e+10
49 6.81567e+10
50 6.72042e+10
51 5.98152e+10
52 5.02782e+10
53 5.12078e+10
54 5.51244e+10
55 5.67847e+10
56 5.23729e+10
57 6.10098e+10
58 5.44268e+10
59 5.39854e+10
60 6.0659e+10
61 7.66171e+10
62 6.66312e+10
63 6.37977e+10
64 5.84224e+10
65 5.58636e+10
66 6.19464e+10
67 7.65948e+10
68 7.99606e+10
69 6.30357e+10
70 6.95409e+10
71 6.97785e+10
72 8.00391e+10
73 8.2352e+10
74 9.02783e+10
75 9.44341e+10
76 6.63232e+10
77 6.99458e+10
78 7.7339e+10
79 9.54063e+10
80 9.25379e+10
81 7.64983e+10
82 7.57306e+10
83 7.62748e+10
84 7.55273e+10
85 6.69597e+10
86 7.31404e+10
87 8.73072e+10
88 7.8448e+10
89 7.42503e+10
90 7.02336e+10
91 8.80276e+10
92 9.39578e+10
93 9.07136e+10
94 9.20328e+10
95 8.91317e+10
