0 5.4701e+13
1 2.53847e+14
2 2.30109e+14
3 1.43567e+14
4 9.01247e+13
5 5.82271e+13
6 2.27276e+13
7 1.24254e+13
8 6.99218e+12
9 7.19926e+12
10 1.02868e+13
11 1.07784e+13
12 9.63346e+12
13 7.39062e+12
14 4.25058e+12
15 2.63595e+12
16 2.07946e+12
17 2.54425e+12
18 3.14719e+12
19 3.51128e+12
20 3.21915e+12
21 2.52096e+12
22 1.78276e+12
23 1.39821e+12
24 1.2077e+12
25 1.37148e+12
26 1.52723e+12
27 1.65673e+12
28 1.4603e+12
29 1.25908e+12
30 1.02726e+12
31 8.99652e+11
32 8.47439e+11
33 8.75719e+11
34 9.13823e+11
35 9.42577e+11
36 8.24949e+11
37 6.94833e+11
38 6.65815e+11
39 6.58431e+11
40 7.13581e+11
41 7.70091e+11
42 7.08833e+11
43 6.79929e+11
44 6.24401e+11
45 5.5195e+11
46 5.65823e+11
47 6.20585e+11
48 5.90301e+11
49 5.90258e+11
50 5.96734e+11
51 6.35023e+11
52 5.935e+11
53 6.00924e+11
54 5.92737e+11
55 6.06033e+11
56 5.92155e+11
57 6.11884e+11
58 6.25875e+11
59 6.45172e+11
60 6.76525e+11
61 6.54721e+11
62 6.39276e+11
63 7.24319e+11
