0 3.41698e+14
1 1.63297e+15
2 1.5806e+15
3 1.23815e+15
4 1.10772e+15
5 1.02209e+15
6 8.14098e+14
7 7.17846e+14
8 5.71075e+14
9 4.35942e+14
10 3.30396e+14
11 2.28127e+14
12 1.57835e+14
13 1.05066e+14
14 6.25754e+13
15 4.46294e+13
16 2.97816e+13
17 2.80616e+13
18 3.03093e+13
19 3.42999e+13
20 3.94456e+13
21 4.31965e+13
22 4.43458e+13
23 4.41672e+13
24 4.12987e+13
25 3.84824e+13
26 3.28796e+13
27 2.75578e+13
28 2.17576e+13
29 1.78745e+13
30 1.43702e+13
31 1.23854e+13
32 1.07181e+13
33 1.02637e+13
34 1.00185e+13
35 1.1021e+13
36 1.15532e+13
37 1.14709e+13
38 1.18426e+13
39 1.1644e+13
40 1.04631e+13
41 9.53745e+12
42 8.36074e+12
43 7.7666e+12
44 7.81867e+12
45 8.06092e+12
46 7.33361e+12
47 6.84336e+12
48 6.81928e+12
49 6.6553e+12
50 6.37307e+12
51 6.44496e+12
52 6.25934e+12
53 6.27619e+12
54 6.17841e+12
55 6.31796e+12
56 6.38256e+12
57 6.38244e+12
58 6.30941e+12
59 6.20865e+12
60 6.13701e+12
61 6.1673e+12
62 6.28178e+12
63 6.02001e+12
