0 2.94311e+12
1 6.64219e+12
2 2.08859e+12
3 5.65256e+11
4 6.39148e+11
5 3.08852e+11
6 2.38834e+11
7 2.15169e+11
8 9.6644e+10
9 1.24743e+11
10 6.51454e+10
11 6.09653e+10
12 6.1027e+10
13 4.32158e+10
14 5.27348e+10
15 2.84296e+10
16 3.8088e+10
17 3.73825e+10
18 2.06823e+10
19 2.9928e+10
20 1.99738e+10
21 3.13488e+10
22 2.44988e+10
23 1.39879e+10
24 2.6352e+10
25 2.4211e+10
26 2.56319e+10
27 2.20678e+10
28 1.32951e+10
29 1.56408e+10
30 1.25067e+10
31 1.86479e+10
32 1.60155e+10
33 1.31558e+10
34 1.65127e+10
35 1.48373e+10
36 2.16898e+10
37 2.03285e+10
38 1.67766e+10
39 1.90877e+10
40 1.77891e+10
41 2.03927e+10
42 1.83122e+10
43 1.69716e+10
44 1.86159e+10
45 1.3904e+10
46 1.68691e+10
47 2.01398e+10
48 1.99816e+10
49 2.30727e+10
50 2.25326e+10
51 2.03054e+10
52 1.70384e+10
53 1.71925e+10
54 1.84965e+10
55 1.90488e+10
56 1.7608e+10
57 2.05182e+10
58 1.82077e+10
59 1.8066e+10
60 2.02977e+10
61 2.56734e+10
62 2.2348e+10
63 2.14269e+10
64 1.9655e+10
65 1.87165e+10
66 2.08231e+10
67 2.57222e+10
68 2.67906e+10
69 2.11979e+10
70 2.33764e+10
71 2.34468e+10
72 2.67812e+10
73 2.7539e+10
74 3.02843e+10
75 3.16819e+10
76 2.22447e+10
77 2.33798e+10
78 2.593e+10
79 3.19634e+10
80 3.1026e+10
81 2.58015e+10
82 2.55175e+10
83 2.57239e+10
84 2.54462e+10
85 2.24514e+10
86 2.4464e+10
87 2.92092e+10
88 2.6218e+10
89 2.48845e+10
90 2.35666e+10
91 2.9418e+10
92 3.15186e+10
93 3.05299e+10
94 3.09239e+10
95 2.98479e+10
